wind_label,phase,t_s,true_wind_north_m_s,true_wind_east_m_s,wind_est_north,wind_est_east,accel_n_m_s2,accel_e_m_s2,actual_north_m,actual_east_m,pos_error_m,roll_deg,pitch_deg
light_gust,correction_off,0.00,1.000,2.000,0.00,0.00,0.000,0.000,-0.009,0.024,0.019,0.04,0.18
light_gust,correction_off,0.05,1.031,2.063,0.00,0.00,0.000,0.000,-0.009,0.024,0.019,0.04,0.18
light_gust,correction_off,0.10,1.063,2.125,0.00,0.00,0.000,0.000,-0.010,0.023,0.018,0.02,0.15
light_gust,correction_off,0.15,1.094,2.188,0.00,0.00,0.000,0.000,-0.012,0.021,0.018,-0.00,0.13
light_gust,correction_off,0.20,1.125,2.249,0.00,0.00,0.000,0.000,-0.013,0.021,0.018,-0.02,0.09
light_gust,correction_off,0.25,1.155,2.311,0.00,0.00,0.000,0.000,-0.016,0.019,0.017,-0.05,0.06
light_gust,correction_off,0.30,1.185,2.371,0.00,0.00,0.000,0.000,-0.016,0.018,0.017,-0.07,0.04
light_gust,correction_off,0.35,1.215,2.430,0.00,0.00,0.000,0.000,-0.018,0.016,0.017,-0.08,0.02
light_gust,correction_off,0.40,1.244,2.488,0.00,0.00,0.000,0.000,-0.018,0.016,0.018,-0.10,0.00
light_gust,correction_off,0.45,1.272,2.545,0.00,0.00,0.000,0.000,-0.019,0.015,0.018,-0.11,-0.00
light_gust,correction_off,0.50,1.300,2.600,0.00,0.00,0.000,0.000,-0.020,0.015,0.019,-0.12,0.00
light_gust,correction_off,0.55,1.327,2.654,0.00,0.00,0.000,0.000,-0.021,0.015,0.020,-0.12,0.01
light_gust,correction_off,0.60,1.353,2.705,0.00,0.00,0.000,0.000,-0.022,0.016,0.020,-0.13,0.03
light_gust,correction_off,0.65,1.378,2.755,0.00,0.00,0.000,0.000,-0.023,0.017,0.022,-0.12,0.06
light_gust,correction_off,0.70,1.401,2.803,0.00,0.00,0.000,0.000,-0.024,0.018,0.023,-0.12,0.10
light_gust,correction_off,0.75,1.424,2.849,0.00,0.00,0.000,0.000,-0.025,0.020,0.026,-0.12,0.15
light_gust,correction_off,0.80,1.446,2.892,0.00,0.00,0.000,0.000,-0.026,0.021,0.027,-0.11,0.20
light_gust,correction_off,0.85,1.466,2.933,0.00,0.00,0.000,0.000,-0.028,0.024,0.030,-0.11,0.26
light_gust,correction_off,0.90,1.485,2.971,0.00,0.00,0.000,0.000,-0.028,0.026,0.032,-0.11,0.33
light_gust,correction_off,0.95,1.503,3.006,0.00,0.00,0.000,0.000,-0.029,0.030,0.035,-0.10,0.39
light_gust,correction_off,1.00,1.520,3.039,0.00,0.00,0.000,0.000,0.005,0.103,0.098,0.58,1.56
light_gust,correction_off,1.05,1.535,3.069,0.00,0.00,0.000,0.000,0.005,0.103,0.098,0.58,1.56
light_gust,correction_off,1.10,1.548,3.096,0.00,0.00,0.000,0.000,0.009,0.105,0.100,0.63,1.57
light_gust,correction_off,1.15,1.560,3.120,0.00,0.00,0.000,0.000,0.011,0.106,0.102,0.67,1.58
light_gust,correction_off,1.20,1.571,3.141,0.00,0.00,0.000,0.000,0.015,0.108,0.104,0.70,1.58
light_gust,correction_off,1.25,1.580,3.159,0.00,0.00,0.000,0.000,0.016,0.109,0.105,0.73,1.58
light_gust,correction_off,1.30,1.587,3.174,0.00,0.00,0.000,0.000,0.019,0.111,0.108,0.76,1.58
light_gust,correction_off,1.35,1.593,3.185,0.00,0.00,0.000,0.000,0.021,0.112,0.109,0.79,1.58
light_gust,correction_off,1.40,1.597,3.193,0.00,0.00,0.000,0.000,0.024,0.114,0.112,0.81,1.58
light_gust,correction_off,1.45,1.599,3.198,0.00,0.00,0.000,0.000,0.025,0.114,0.113,0.83,1.59
light_gust,correction_off,1.50,1.600,3.200,0.00,0.00,0.000,0.000,0.028,0.115,0.114,0.85,1.60
light_gust,correction_off,1.55,1.599,3.198,0.00,0.00,0.000,0.000,0.030,0.116,0.115,0.87,1.61
light_gust,correction_off,1.60,1.597,3.193,0.00,0.00,0.000,0.000,0.032,0.117,0.117,0.88,1.62
light_gust,correction_off,1.65,1.593,3.185,0.00,0.00,0.000,0.000,0.033,0.117,0.117,0.90,1.63
light_gust,correction_off,1.70,1.587,3.174,0.00,0.00,0.000,0.000,0.036,0.118,0.119,0.92,1.64
light_gust,correction_off,1.75,1.580,3.159,0.00,0.00,0.000,0.000,0.038,0.118,0.120,0.93,1.66
light_gust,correction_off,1.80,1.571,3.141,0.00,0.00,0.000,0.000,0.041,0.119,0.122,0.95,1.67
light_gust,correction_off,1.85,1.560,3.120,0.00,0.00,0.000,0.000,0.042,0.120,0.123,0.97,1.69
light_gust,correction_off,1.90,1.548,3.096,0.00,0.00,0.000,0.000,0.045,0.120,0.125,0.99,1.71
light_gust,correction_off,1.95,1.535,3.069,0.00,0.00,0.000,0.000,0.047,0.121,0.126,1.02,1.73
light_gust,correction_off,2.00,1.520,3.039,0.00,0.00,0.000,0.000,0.055,0.133,0.141,1.12,2.15
light_gust,correction_off,2.05,1.503,3.006,0.00,0.00,0.000,0.000,0.055,0.133,0.141,1.12,2.15
light_gust,correction_off,2.10,1.485,2.971,0.00,0.00,0.000,0.000,0.053,0.132,0.139,1.11,2.15
light_gust,correction_off,2.15,1.466,2.933,0.00,0.00,0.000,0.000,0.052,0.131,0.137,1.10,2.14
light_gust,correction_off,2.20,1.446,2.892,0.00,0.00,0.000,0.000,0.050,0.129,0.134,1.08,2.14
light_gust,correction_off,2.25,1.424,2.849,0.00,0.00,0.000,0.000,0.048,0.128,0.133,1.07,2.13
light_gust,correction_off,2.30,1.401,2.803,0.00,0.00,0.000,0.000,0.046,0.126,0.130,1.05,2.12
light_gust,correction_off,2.35,1.378,2.755,0.00,0.00,0.000,0.000,0.044,0.125,0.128,1.03,2.11
light_gust,correction_off,2.40,1.353,2.705,0.00,0.00,0.000,0.000,0.041,0.122,0.124,1.01,2.10
light_gust,correction_off,2.45,1.327,2.654,0.00,0.00,0.000,0.000,0.040,0.121,0.123,0.99,2.09
light_gust,correction_off,2.50,1.300,2.600,0.00,0.00,0.000,0.000,0.037,0.118,0.120,0.96,2.07
light_gust,correction_off,2.55,1.272,2.545,0.00,0.00,0.000,0.000,0.036,0.117,0.118,0.94,2.06
light_gust,correction_off,2.60,1.244,2.488,0.00,0.00,0.000,0.000,0.033,0.115,0.116,0.93,2.05
light_gust,correction_off,2.65,1.215,2.430,0.00,0.00,0.000,0.000,0.032,0.115,0.115,0.91,2.04
light_gust,correction_off,2.70,1.185,2.371,0.00,0.00,0.000,0.000,0.029,0.114,0.113,0.90,2.03
light_gust,correction_off,2.75,1.155,2.311,0.00,0.00,0.000,0.000,0.028,0.113,0.112,0.89,2.03
light_gust,correction_off,2.80,1.125,2.249,0.00,0.00,0.000,0.000,0.026,0.112,0.110,0.88,2.03
light_gust,correction_off,2.85,1.094,2.188,0.00,0.00,0.000,0.000,0.025,0.112,0.110,0.87,2.04
light_gust,correction_off,2.90,1.063,2.125,0.00,0.00,0.000,0.000,0.023,0.112,0.109,0.87,2.05
light_gust,correction_off,2.95,1.031,2.063,0.00,0.00,0.000,0.000,0.021,0.112,0.109,0.86,2.05
light_gust,correction_off,3.00,1.000,2.000,0.00,0.00,0.000,0.000,-0.005,0.116,0.110,0.85,2.31
light_gust,correction_off,3.05,0.969,1.937,0.00,0.00,0.000,0.000,-0.005,0.116,0.110,0.85,2.31
light_gust,correction_off,3.10,0.937,1.875,0.00,0.00,0.000,0.000,-0.008,0.115,0.109,0.84,2.31
light_gust,correction_off,3.15,0.906,1.812,0.00,0.00,0.000,0.000,-0.009,0.115,0.109,0.83,2.32
light_gust,correction_off,3.20,0.875,1.751,0.00,0.00,0.000,0.000,-0.012,0.113,0.108,0.81,2.32
light_gust,correction_off,3.25,0.845,1.689,0.00,0.00,0.000,0.000,-0.013,0.112,0.107,0.80,2.32
light_gust,correction_off,3.30,0.815,1.629,0.00,0.00,0.000,0.000,-0.015,0.110,0.105,0.79,2.32
light_gust,correction_off,3.35,0.785,1.570,0.00,0.00,0.000,0.000,-0.016,0.109,0.104,0.78,2.31
light_gust,correction_off,3.40,0.756,1.512,0.00,0.00,0.000,0.000,-0.018,0.107,0.102,0.77,2.29
light_gust,correction_off,3.45,0.728,1.455,0.00,0.00,0.000,0.000,-0.019,0.106,0.101,0.76,2.27
light_gust,correction_off,3.50,0.700,1.400,0.00,0.00,0.000,0.000,-0.021,0.102,0.098,0.75,2.25
light_gust,correction_off,3.55,0.673,1.346,0.00,0.00,0.000,0.000,-0.021,0.100,0.096,0.74,2.22
light_gust,correction_off,3.60,0.647,1.295,0.00,0.00,0.000,0.000,-0.023,0.097,0.093,0.73,2.19
light_gust,correction_off,3.65,0.622,1.245,0.00,0.00,0.000,0.000,-0.023,0.095,0.091,0.72,2.14
light_gust,correction_off,3.70,0.599,1.197,0.00,0.00,0.000,0.000,-0.024,0.090,0.086,0.72,2.10
light_gust,correction_off,3.75,0.576,1.151,0.00,0.00,0.000,0.000,-0.024,0.087,0.084,0.71,2.05
light_gust,correction_off,3.80,0.554,1.108,0.00,0.00,0.000,0.000,-0.025,0.082,0.079,0.71,2.00
light_gust,correction_off,3.85,0.534,1.067,0.00,0.00,0.000,0.000,-0.026,0.080,0.077,0.70,1.95
light_gust,correction_off,3.90,0.515,1.029,0.00,0.00,0.000,0.000,-0.027,0.073,0.071,0.70,1.90
light_gust,correction_off,3.95,0.497,0.994,0.00,0.00,0.000,0.000,-0.028,0.070,0.069,0.69,1.84
light_gust,correction_off,4.00,0.480,0.961,0.00,0.00,0.000,0.000,-0.037,0.007,0.033,0.55,1.26
light_gust,correction_off,4.05,0.465,0.931,0.00,0.00,0.000,0.000,-0.037,0.007,0.033,0.55,1.26
light_gust,correction_off,4.10,0.452,0.904,0.00,0.00,0.000,0.000,-0.037,0.006,0.033,0.56,1.27
light_gust,correction_off,4.15,0.440,0.880,0.00,0.00,0.000,0.000,-0.037,0.006,0.033,0.57,1.28
light_gust,correction_off,4.20,0.429,0.859,0.00,0.00,0.000,0.000,-0.037,0.006,0.033,0.57,1.29
light_gust,correction_off,4.25,0.420,0.841,0.00,0.00,0.000,0.000,-0.036,0.006,0.033,0.58,1.31
light_gust,correction_off,4.30,0.413,0.826,0.00,0.00,0.000,0.000,-0.036,0.006,0.032,0.58,1.33
light_gust,correction_off,4.35,0.407,0.815,0.00,0.00,0.000,0.000,-0.036,0.006,0.032,0.59,1.35
light_gust,correction_off,4.40,0.403,0.807,0.00,0.00,0.000,0.000,-0.035,0.006,0.032,0.59,1.36
light_gust,correction_off,4.45,0.401,0.802,0.00,0.00,0.000,0.000,-0.035,0.006,0.031,0.59,1.37
light_gust,correction_off,4.50,0.400,0.800,0.00,0.00,0.000,0.000,-0.034,0.006,0.030,0.59,1.37
light_gust,correction_off,4.55,0.401,0.802,0.00,0.00,0.000,0.000,-0.033,0.005,0.029,0.59,1.37
light_gust,correction_off,4.60,0.403,0.807,0.00,0.00,0.000,0.000,-0.032,0.005,0.028,0.59,1.37
light_gust,correction_off,4.65,0.407,0.815,0.00,0.00,0.000,0.000,-0.031,0.005,0.027,0.59,1.37
light_gust,correction_off,4.70,0.413,0.826,0.00,0.00,0.000,0.000,-0.030,0.005,0.026,0.59,1.36
light_gust,correction_off,4.75,0.420,0.841,0.00,0.00,0.000,0.000,-0.028,0.005,0.024,0.59,1.34
light_gust,correction_off,4.80,0.429,0.859,0.00,0.00,0.000,0.000,-0.027,0.005,0.024,0.60,1.33
light_gust,correction_off,4.85,0.440,0.880,0.00,0.00,0.000,0.000,-0.026,0.004,0.022,0.60,1.31
light_gust,correction_off,4.90,0.452,0.904,0.00,0.00,0.000,0.000,-0.025,0.004,0.021,0.60,1.30
light_gust,correction_off,4.95,0.465,0.931,0.00,0.00,0.000,0.000,-0.023,0.004,0.019,0.60,1.27
light_gust,correction_off,5.00,0.480,0.961,0.00,0.00,0.000,0.000,-0.028,-0.033,0.046,0.32,0.68
light_gust,correction_off,5.05,0.497,0.994,0.00,0.00,0.000,0.000,-0.028,-0.033,0.046,0.32,0.68
light_gust,correction_off,5.10,0.515,1.029,0.00,0.00,0.000,0.000,-0.029,-0.035,0.048,0.29,0.65
light_gust,correction_off,5.15,0.534,1.067,0.00,0.00,0.000,0.000,-0.031,-0.038,0.052,0.26,0.63
light_gust,correction_off,5.20,0.554,1.108,0.00,0.00,0.000,0.000,-0.032,-0.040,0.054,0.23,0.60
light_gust,correction_off,5.25,0.576,1.151,0.00,0.00,0.000,0.000,-0.034,-0.044,0.058,0.20,0.58
light_gust,correction_off,5.30,0.599,1.197,0.00,0.00,0.000,0.000,-0.035,-0.045,0.060,0.17,0.56
light_gust,correction_off,5.35,0.622,1.245,0.00,0.00,0.000,0.000,-0.037,-0.048,0.063,0.15,0.54
light_gust,correction_off,5.40,0.647,1.295,0.00,0.00,0.000,0.000,-0.039,-0.050,0.065,0.13,0.53
light_gust,correction_off,5.45,0.673,1.346,0.00,0.00,0.000,0.000,-0.040,-0.052,0.069,0.12,0.51
light_gust,correction_off,5.50,0.700,1.400,0.00,0.00,0.000,0.000,-0.041,-0.053,0.070,0.10,0.50
light_gust,correction_off,5.55,0.728,1.455,0.00,0.00,0.000,0.000,-0.043,-0.056,0.073,0.09,0.49
light_gust,correction_off,5.60,0.756,1.512,0.00,0.00,0.000,0.000,-0.044,-0.057,0.074,0.08,0.48
light_gust,correction_off,5.65,0.785,1.570,0.00,0.00,0.000,0.000,-0.046,-0.058,0.076,0.07,0.47
light_gust,correction_off,5.70,0.815,1.629,0.00,0.00,0.000,0.000,-0.046,-0.059,0.077,0.06,0.46
light_gust,correction_off,5.75,0.845,1.689,0.00,0.00,0.000,0.000,-0.048,-0.059,0.079,0.06,0.46
light_gust,correction_off,5.80,0.875,1.751,0.00,0.00,0.000,0.000,-0.049,-0.060,0.080,0.05,0.46
light_gust,correction_off,5.85,0.906,1.812,0.00,0.00,0.000,0.000,-0.050,-0.060,0.081,0.05,0.47
light_gust,correction_off,5.90,0.937,1.875,0.00,0.00,0.000,0.000,-0.051,-0.060,0.081,0.04,0.48
light_gust,correction_off,5.95,0.969,1.937,0.00,0.00,0.000,0.000,-0.051,-0.061,0.082,0.04,0.49
light_gust,correction_off,6.00,1.000,2.000,0.00,0.00,0.000,0.000,-0.030,-0.033,0.047,0.35,0.82
light_gust,correction_off,6.05,1.031,2.063,0.00,0.00,0.000,0.000,-0.030,-0.033,0.047,0.35,0.82
light_gust,correction_off,6.10,1.063,2.125,0.00,0.00,0.000,0.000,-0.029,-0.033,0.046,0.37,0.82
light_gust,correction_off,6.15,1.094,2.188,0.00,0.00,0.000,0.000,-0.027,-0.033,0.045,0.38,0.81
light_gust,correction_off,6.20,1.125,2.249,0.00,0.00,0.000,0.000,-0.026,-0.032,0.044,0.39,0.80
light_gust,correction_off,6.25,1.155,2.311,0.00,0.00,0.000,0.000,-0.023,-0.032,0.043,0.41,0.79
light_gust,correction_off,6.30,1.185,2.371,0.00,0.00,0.000,0.000,-0.022,-0.032,0.042,0.41,0.77
light_gust,correction_off,6.35,1.215,2.430,0.00,0.00,0.000,0.000,-0.020,-0.031,0.040,0.43,0.76
light_gust,correction_off,6.40,1.244,2.488,0.00,0.00,0.000,0.000,-0.018,-0.031,0.040,0.44,0.75
light_gust,correction_off,6.45,1.272,2.545,0.00,0.00,0.000,0.000,-0.015,-0.030,0.038,0.45,0.75
light_gust,correction_off,6.50,1.300,2.600,0.00,0.00,0.000,0.000,-0.013,-0.030,0.037,0.46,0.75
light_gust,correction_off,6.55,1.327,2.654,0.00,0.00,0.000,0.000,-0.010,-0.029,0.035,0.48,0.75
light_gust,correction_off,6.60,1.353,2.705,0.00,0.00,0.000,0.000,-0.008,-0.028,0.034,0.50,0.76
light_gust,correction_off,6.65,1.378,2.755,0.00,0.00,0.000,0.000,-0.004,-0.027,0.033,0.53,0.77
light_gust,correction_off,6.70,1.401,2.803,0.00,0.00,0.000,0.000,-0.002,-0.026,0.032,0.55,0.78
light_gust,correction_off,6.75,1.424,2.849,0.00,0.00,0.000,0.000,0.001,-0.024,0.030,0.58,0.80
light_gust,correction_off,6.80,1.446,2.892,0.00,0.00,0.000,0.000,0.002,-0.023,0.029,0.61,0.82
light_gust,correction_off,6.85,1.466,2.933,0.00,0.00,0.000,0.000,0.005,-0.021,0.028,0.63,0.85
light_gust,correction_off,6.90,1.485,2.971,0.00,0.00,0.000,0.000,0.007,-0.019,0.027,0.66,0.87
light_gust,correction_off,6.95,1.503,3.006,0.00,0.00,0.000,0.000,0.009,-0.017,0.026,0.69,0.91
light_gust,correction_off,7.00,1.520,3.039,0.00,0.00,0.000,0.000,0.015,0.026,0.027,0.66,1.48
light_gust,correction_off,7.05,1.535,3.069,0.00,0.00,0.000,0.000,0.015,0.026,0.027,0.66,1.48
light_gust,correction_off,7.10,1.548,3.096,0.00,0.00,0.000,0.000,0.015,0.027,0.028,0.67,1.49
light_gust,correction_off,7.15,1.560,3.120,0.00,0.00,0.000,0.000,0.015,0.028,0.029,0.68,1.50
light_gust,correction_off,7.20,1.571,3.141,0.00,0.00,0.000,0.000,0.015,0.029,0.030,0.68,1.51
light_gust,correction_off,7.25,1.580,3.159,0.00,0.00,0.000,0.000,0.016,0.029,0.030,0.69,1.51
light_gust,correction_off,7.30,1.587,3.174,0.00,0.00,0.000,0.000,0.016,0.030,0.031,0.70,1.51
light_gust,correction_off,7.35,1.593,3.185,0.00,0.00,0.000,0.000,0.016,0.030,0.031,0.70,1.51
light_gust,correction_off,7.40,1.597,3.193,0.00,0.00,0.000,0.000,0.017,0.030,0.031,0.71,1.50
light_gust,correction_off,7.45,1.599,3.198,0.00,0.00,0.000,0.000,0.017,0.029,0.031,0.72,1.50
light_gust,correction_off,7.50,1.600,3.200,0.00,0.00,0.000,0.000,0.018,0.029,0.031,0.73,1.49
light_gust,correction_off,7.55,1.599,3.198,0.00,0.00,0.000,0.000,0.018,0.028,0.031,0.74,1.48
light_gust,correction_off,7.60,1.597,3.193,0.00,0.00,0.000,0.000,0.018,0.028,0.032,0.75,1.48
light_gust,correction_off,7.65,1.593,3.185,0.00,0.00,0.000,0.000,0.018,0.029,0.032,0.76,1.48
light_gust,correction_off,7.70,1.587,3.174,0.00,0.00,0.000,0.000,0.018,0.029,0.032,0.77,1.48
light_gust,correction_off,7.75,1.580,3.159,0.00,0.00,0.000,0.000,0.018,0.030,0.033,0.78,1.49
light_gust,correction_off,7.80,1.571,3.141,0.00,0.00,0.000,0.000,0.018,0.031,0.033,0.79,1.50
light_gust,correction_off,7.85,1.560,3.120,0.00,0.00,0.000,0.000,0.018,0.033,0.034,0.80,1.53
light_gust,correction_off,7.90,1.548,3.096,0.00,0.00,0.000,0.000,0.018,0.034,0.035,0.80,1.55
light_gust,correction_off,7.95,1.535,3.069,0.00,0.00,0.000,0.000,0.017,0.037,0.037,0.81,1.59
light_gust,correction_off,8.00,1.520,3.039,0.00,0.00,0.000,0.000,0.014,0.089,0.085,0.97,2.34
light_gust,correction_off,8.05,1.503,3.006,0.00,0.00,0.000,0.000,0.014,0.089,0.085,0.97,2.34
light_gust,correction_off,8.10,1.485,2.971,0.00,0.00,0.000,0.000,0.015,0.090,0.087,0.99,2.36
light_gust,correction_off,8.15,1.466,2.933,0.00,0.00,0.000,0.000,0.015,0.091,0.087,1.00,2.37
light_gust,correction_off,8.20,1.446,2.892,0.00,0.00,0.000,0.000,0.015,0.092,0.088,1.02,2.37
light_gust,correction_off,8.25,1.424,2.849,0.00,0.00,0.000,0.000,0.015,0.092,0.088,1.03,2.37
light_gust,correction_off,8.30,1.401,2.803,0.00,0.00,0.000,0.000,0.015,0.092,0.088,1.04,2.37
light_gust,correction_off,8.35,1.378,2.755,0.00,0.00,0.000,0.000,0.014,0.091,0.088,1.04,2.36
light_gust,correction_off,8.40,1.353,2.705,0.00,0.00,0.000,0.000,0.013,0.091,0.087,1.04,2.35
light_gust,correction_off,8.45,1.327,2.654,0.00,0.00,0.000,0.000,0.013,0.090,0.086,1.04,2.33
light_gust,correction_off,8.50,1.300,2.600,0.00,0.00,0.000,0.000,0.011,0.089,0.085,1.04,2.32
light_gust,correction_off,8.55,1.272,2.545,0.00,0.00,0.000,0.000,0.010,0.089,0.084,1.02,2.30
light_gust,correction_off,8.60,1.244,2.488,0.00,0.00,0.000,0.000,0.007,0.087,0.082,1.01,2.29
light_gust,correction_off,8.65,1.215,2.430,0.00,0.00,0.000,0.000,0.006,0.087,0.081,1.00,2.27
light_gust,correction_off,8.70,1.185,2.371,0.00,0.00,0.000,0.000,0.002,0.085,0.080,0.97,2.26
light_gust,correction_off,8.75,1.155,2.311,0.00,0.00,0.000,0.000,0.001,0.085,0.079,0.95,2.25
light_gust,correction_off,8.80,1.125,2.249,0.00,0.00,0.000,0.000,-0.002,0.083,0.077,0.91,2.23
light_gust,correction_off,8.85,1.094,2.188,0.00,0.00,0.000,0.000,-0.003,0.082,0.076,0.88,2.22
light_gust,correction_off,8.90,1.063,2.125,0.00,0.00,0.000,0.000,-0.005,0.080,0.074,0.85,2.21
light_gust,correction_off,8.95,1.031,2.063,0.00,0.00,0.000,0.000,-0.006,0.079,0.073,0.83,2.19
light_gust,correction_off,9.00,1.000,2.000,0.00,0.00,0.000,0.000,-0.014,0.078,0.073,0.91,2.30
light_gust,correction_off,9.05,0.969,1.937,0.00,0.00,0.000,0.000,-0.014,0.078,0.073,0.91,2.30
light_gust,correction_off,9.10,0.937,1.875,0.00,0.00,0.000,0.000,-0.015,0.079,0.074,0.90,2.32
light_gust,correction_off,9.15,0.906,1.812,0.00,0.00,0.000,0.000,-0.015,0.080,0.075,0.90,2.34
light_gust,correction_off,9.20,0.875,1.751,0.00,0.00,0.000,0.000,-0.016,0.081,0.076,0.90,2.36
light_gust,correction_off,9.25,0.845,1.689,0.00,0.00,0.000,0.000,-0.016,0.081,0.076,0.90,2.37
light_gust,correction_off,9.30,0.815,1.629,0.00,0.00,0.000,0.000,-0.017,0.082,0.077,0.90,2.39
light_gust,correction_off,9.35,0.785,1.570,0.00,0.00,0.000,0.000,-0.018,0.082,0.077,0.90,2.39
light_gust,correction_off,9.40,0.756,1.512,0.00,0.00,0.000,0.000,-0.018,0.082,0.078,0.90,2.40
light_gust,correction_off,9.45,0.728,1.455,0.00,0.00,0.000,0.000,-0.019,0.082,0.078,0.89,2.39
light_gust,correction_off,9.50,0.700,1.400,0.00,0.00,0.000,0.000,-0.019,0.082,0.078,0.88,2.39
light_gust,correction_off,9.55,0.673,1.346,0.00,0.00,0.000,0.000,-0.020,0.081,0.077,0.87,2.37
light_gust,correction_off,9.60,0.647,1.295,0.00,0.00,0.000,0.000,-0.020,0.080,0.076,0.86,2.36
light_gust,correction_off,9.65,0.622,1.245,0.00,0.00,0.000,0.000,-0.020,0.079,0.075,0.85,2.34
light_gust,correction_off,9.70,0.599,1.197,0.00,0.00,0.000,0.000,-0.019,0.077,0.073,0.85,2.31
light_gust,correction_off,9.75,0.576,1.151,0.00,0.00,0.000,0.000,-0.018,0.076,0.072,0.84,2.28
light_gust,correction_off,9.80,0.554,1.108,0.00,0.00,0.000,0.000,-0.017,0.073,0.068,0.84,2.24
light_gust,correction_off,9.85,0.534,1.067,0.00,0.00,0.000,0.000,-0.017,0.070,0.066,0.84,2.20
light_gust,correction_off,9.90,0.515,1.029,0.00,0.00,0.000,0.000,-0.015,0.066,0.062,0.84,2.15
light_gust,correction_off,9.95,0.497,0.994,0.00,0.00,0.000,0.000,-0.015,0.064,0.059,0.84,2.09
light_gust,correction_off,10.00,0.480,0.961,0.00,0.00,0.000,0.000,-0.016,-0.004,0.016,0.68,1.27
light_gust,correction_off,10.05,0.465,0.931,0.00,0.00,0.000,0.000,-0.016,-0.004,0.016,0.68,1.27
light_gust,correction_off,10.10,0.452,0.904,0.00,0.00,0.000,0.000,-0.018,-0.006,0.019,0.65,1.27
light_gust,correction_off,10.15,0.440,0.880,0.00,0.00,0.000,0.000,-0.019,-0.007,0.020,0.64,1.28
light_gust,correction_off,10.20,0.429,0.859,0.00,0.00,0.000,0.000,-0.021,-0.009,0.023,0.61,1.30
light_gust,correction_off,10.25,0.420,0.841,0.00,0.00,0.000,0.000,-0.022,-0.009,0.024,0.60,1.30
light_gust,correction_off,10.30,0.413,0.826,0.00,0.00,0.000,0.000,-0.024,-0.011,0.026,0.57,1.32
light_gust,correction_off,10.35,0.407,0.815,0.00,0.00,0.000,0.000,-0.025,-0.012,0.028,0.56,1.33
light_gust,correction_off,10.40,0.403,0.807,0.00,0.00,0.000,0.000,-0.026,-0.013,0.030,0.54,1.33
light_gust,correction_off,10.45,0.401,0.802,0.00,0.00,0.000,0.000,-0.028,-0.014,0.032,0.52,1.34
light_gust,correction_off,10.50,0.400,0.800,0.00,0.00,0.000,0.000,-0.029,-0.015,0.033,0.51,1.33
light_gust,correction_off,10.55,0.401,0.802,0.00,0.00,0.000,0.000,-0.030,-0.016,0.034,0.50,1.33
light_gust,correction_off,10.60,0.403,0.807,0.00,0.00,0.000,0.000,-0.031,-0.017,0.036,0.48,1.32
light_gust,correction_off,10.65,0.407,0.815,0.00,0.00,0.000,0.000,-0.032,-0.018,0.037,0.47,1.31
light_gust,correction_off,10.70,0.413,0.826,0.00,0.00,0.000,0.000,-0.034,-0.020,0.040,0.45,1.29
light_gust,correction_off,10.75,0.420,0.841,0.00,0.00,0.000,0.000,-0.035,-0.021,0.041,0.44,1.28
light_gust,correction_off,10.80,0.429,0.859,0.00,0.00,0.000,0.000,-0.037,-0.023,0.044,0.43,1.26
light_gust,correction_off,10.85,0.440,0.880,0.00,0.00,0.000,0.000,-0.039,-0.024,0.046,0.41,1.24
light_gust,correction_off,10.90,0.452,0.904,0.00,0.00,0.000,0.000,-0.041,-0.027,0.050,0.39,1.21
light_gust,correction_off,10.95,0.465,0.931,0.00,0.00,0.000,0.000,-0.042,-0.029,0.052,0.37,1.19
light_gust,correction_off,11.00,0.480,0.961,0.00,0.00,0.000,0.000,-0.073,-0.093,0.121,0.02,0.44
light_gust,correction_off,11.05,0.497,0.994,0.00,0.00,0.000,0.000,-0.073,-0.093,0.121,0.02,0.44
light_gust,correction_off,11.10,0.515,1.029,0.00,0.00,0.000,0.000,-0.073,-0.094,0.122,0.01,0.43
light_gust,correction_off,11.15,0.534,1.067,0.00,0.00,0.000,0.000,-0.074,-0.096,0.123,-0.00,0.43
light_gust,correction_off,11.20,0.554,1.108,0.00,0.00,0.000,0.000,-0.074,-0.096,0.124,-0.01,0.43
light_gust,correction_off,11.25,0.576,1.151,0.00,0.00,0.000,0.000,-0.074,-0.096,0.124,-0.01,0.43
light_gust,correction_off,11.30,0.599,1.197,0.00,0.00,0.000,0.000,-0.074,-0.096,0.124,-0.00,0.43
light_gust,correction_off,11.35,0.622,1.245,0.00,0.00,0.000,0.000,-0.072,-0.096,0.122,0.00,0.44
light_gust,correction_off,11.40,0.647,1.295,0.00,0.00,0.000,0.000,-0.071,-0.095,0.122,0.01,0.46
light_gust,correction_off,11.45,0.673,1.346,0.00,0.00,0.000,0.000,-0.069,-0.095,0.120,0.02,0.47
light_gust,correction_off,11.50,0.700,1.400,0.00,0.00,0.000,0.000,-0.067,-0.095,0.119,0.05,0.49
light_gust,correction_off,11.55,0.728,1.455,0.00,0.00,0.000,0.000,-0.063,-0.094,0.116,0.07,0.51
light_gust,correction_off,11.60,0.756,1.512,0.00,0.00,0.000,0.000,-0.061,-0.094,0.115,0.11,0.52
light_gust,correction_off,11.65,0.785,1.570,0.00,0.00,0.000,0.000,-0.056,-0.093,0.112,0.14,0.54
light_gust,correction_off,11.70,0.815,1.629,0.00,0.00,0.000,0.000,-0.054,-0.093,0.111,0.19,0.55
light_gust,correction_off,11.75,0.845,1.689,0.00,0.00,0.000,0.000,-0.048,-0.092,0.108,0.24,0.55
light_gust,correction_off,11.80,0.875,1.751,0.00,0.00,0.000,0.000,-0.045,-0.092,0.106,0.30,0.56
light_gust,correction_off,11.85,0.906,1.812,0.00,0.00,0.000,0.000,-0.040,-0.091,0.103,0.34,0.56
light_gust,correction_off,11.90,0.937,1.875,0.00,0.00,0.000,0.000,-0.037,-0.090,0.101,0.40,0.57
light_gust,correction_off,11.95,0.969,1.937,0.00,0.00,0.000,0.000,-0.029,-0.088,0.098,0.45,0.57
light_gust,correction_off,12.00,1.000,2.000,0.00,0.00,0.000,0.000,0.019,-0.043,0.054,0.69,0.81
light_gust,correction_off,12.05,1.031,2.063,0.00,0.00,0.000,0.000,0.019,-0.043,0.054,0.69,0.81
light_gust,correction_off,12.10,1.063,2.125,0.00,0.00,0.000,0.000,0.018,-0.041,0.052,0.68,0.83
light_gust,correction_off,12.15,1.094,2.188,0.00,0.00,0.000,0.000,0.017,-0.037,0.048,0.66,0.85
light_gust,correction_off,12.20,1.125,2.249,0.00,0.00,0.000,0.000,0.017,-0.035,0.046,0.65,0.88
light_gust,correction_off,12.25,1.155,2.311,0.00,0.00,0.000,0.000,0.015,-0.031,0.041,0.63,0.90
light_gust,correction_off,12.30,1.185,2.371,0.00,0.00,0.000,0.000,0.014,-0.030,0.039,0.61,0.92
light_gust,correction_off,12.35,1.215,2.430,0.00,0.00,0.000,0.000,0.011,-0.026,0.035,0.58,0.94
light_gust,correction_off,12.40,1.244,2.488,0.00,0.00,0.000,0.000,0.009,-0.024,0.032,0.55,0.96
light_gust,correction_off,12.45,1.272,2.545,0.00,0.00,0.000,0.000,0.006,-0.021,0.028,0.53,0.98
light_gust,correction_off,12.50,1.300,2.600,0.00,0.00,0.000,0.000,0.004,-0.020,0.027,0.49,1.01
light_gust,correction_off,12.55,1.327,2.654,0.00,0.00,0.000,0.000,0.001,-0.017,0.023,0.46,1.03
light_gust,correction_off,12.60,1.353,2.705,0.00,0.00,0.000,0.000,-0.002,-0.015,0.021,0.42,1.06
light_gust,correction_off,12.65,1.378,2.755,0.00,0.00,0.000,0.000,-0.005,-0.013,0.019,0.39,1.08
light_gust,correction_off,12.70,1.401,2.803,0.00,0.00,0.000,0.000,-0.007,-0.012,0.018,0.36,1.10
light_gust,correction_off,12.75,1.424,2.849,0.00,0.00,0.000,0.000,-0.011,-0.009,0.017,0.33,1.12
light_gust,correction_off,12.80,1.446,2.892,0.00,0.00,0.000,0.000,-0.013,-0.008,0.016,0.30,1.14
light_gust,correction_off,12.85,1.466,2.933,0.00,0.00,0.000,0.000,-0.016,-0.005,0.017,0.27,1.15
light_gust,correction_off,12.90,1.485,2.971,0.00,0.00,0.000,0.000,-0.018,-0.004,0.018,0.25,1.17
light_gust,correction_off,12.95,1.503,3.006,0.00,0.00,0.000,0.000,-0.021,-0.002,0.019,0.23,1.19
light_gust,correction_off,13.00,1.520,3.039,0.00,0.00,0.000,0.000,-0.038,0.026,0.040,0.38,1.45
light_gust,correction_off,13.05,1.535,3.069,0.00,0.00,0.000,0.000,-0.038,0.026,0.040,0.38,1.45
light_gust,correction_off,13.10,1.548,3.096,0.00,0.00,0.000,0.000,-0.037,0.026,0.039,0.40,1.46
light_gust,correction_off,13.15,1.560,3.120,0.00,0.00,0.000,0.000,-0.035,0.027,0.038,0.42,1.46
light_gust,correction_off,13.20,1.571,3.141,0.00,0.00,0.000,0.000,-0.034,0.027,0.037,0.44,1.47
light_gust,correction_off,13.25,1.580,3.159,0.00,0.00,0.000,0.000,-0.031,0.027,0.035,0.47,1.47
light_gust,correction_off,13.30,1.587,3.174,0.00,0.00,0.000,0.000,-0.030,0.027,0.034,0.50,1.47
light_gust,correction_off,13.35,1.593,3.185,0.00,0.00,0.000,0.000,-0.027,0.027,0.032,0.53,1.47
light_gust,correction_off,13.40,1.597,3.193,0.00,0.00,0.000,0.000,-0.026,0.027,0.031,0.56,1.47
light_gust,correction_off,13.45,1.599,3.198,0.00,0.00,0.000,0.000,-0.023,0.027,0.029,0.59,1.46
light_gust,correction_off,13.50,1.600,3.200,0.00,0.00,0.000,0.000,-0.022,0.027,0.028,0.63,1.46
light_gust,correction_off,13.55,1.599,3.198,0.00,0.00,0.000,0.000,-0.019,0.027,0.026,0.66,1.47
light_gust,correction_off,13.60,1.597,3.193,0.00,0.00,0.000,0.000,-0.017,0.027,0.025,0.69,1.47
light_gust,correction_off,13.65,1.593,3.185,0.00,0.00,0.000,0.000,-0.014,0.027,0.024,0.73,1.47
light_gust,correction_off,13.70,1.587,3.174,0.00,0.00,0.000,0.000,-0.013,0.027,0.023,0.76,1.48
light_gust,correction_off,13.75,1.580,3.159,0.00,0.00,0.000,0.000,-0.010,0.028,0.023,0.79,1.49
light_gust,correction_off,13.80,1.571,3.141,0.00,0.00,0.000,0.000,-0.008,0.029,0.024,0.82,1.51
light_gust,correction_off,13.85,1.560,3.120,0.00,0.00,0.000,0.000,-0.005,0.031,0.026,0.85,1.53
light_gust,correction_off,13.90,1.548,3.096,0.00,0.00,0.000,0.000,-0.004,0.032,0.027,0.88,1.56
light_gust,correction_off,13.95,1.535,3.069,0.00,0.00,0.000,0.000,-0.001,0.035,0.029,0.90,1.59
light_gust,correction_off,14.00,1.520,3.039,0.00,0.00,0.000,0.000,0.036,0.077,0.082,1.23,2.26
light_gust,correction_off,14.05,1.503,3.006,0.00,0.00,0.000,0.000,0.036,0.077,0.082,1.23,2.26
light_gust,correction_off,14.10,1.485,2.971,0.00,0.00,0.000,0.000,0.036,0.078,0.083,1.23,2.27
light_gust,correction_off,14.15,1.466,2.933,0.00,0.00,0.000,0.000,0.037,0.079,0.084,1.23,2.28
light_gust,correction_off,14.20,1.446,2.892,0.00,0.00,0.000,0.000,0.038,0.080,0.085,1.22,2.30
light_gust,correction_off,14.25,1.424,2.849,0.00,0.00,0.000,0.000,0.039,0.081,0.086,1.22,2.30
light_gust,correction_off,14.30,1.401,2.803,0.00,0.00,0.000,0.000,0.039,0.081,0.087,1.22,2.31
light_gust,correction_off,14.35,1.378,2.755,0.00,0.00,0.000,0.000,0.040,0.082,0.088,1.22,2.31
light_gust,correction_off,14.40,1.353,2.705,0.00,0.00,0.000,0.000,0.041,0.082,0.088,1.22,2.31
light_gust,correction_off,14.45,1.327,2.654,0.00,0.00,0.000,0.000,0.042,0.082,0.089,1.22,2.31
light_gust,correction_off,14.50,1.300,2.600,0.00,0.00,0.000,0.000,0.042,0.082,0.089,1.22,2.31
light_gust,correction_off,14.55,1.272,2.545,0.00,0.00,0.000,0.000,0.042,0.082,0.089,1.22,2.30
light_gust,correction_off,14.60,1.244,2.488,0.00,0.00,0.000,0.000,0.042,0.081,0.088,1.22,2.29
light_gust,correction_off,14.65,1.215,2.430,0.00,0.00,0.000,0.000,0.042,0.081,0.088,1.21,2.28
light_gust,correction_off,14.70,1.185,2.371,0.00,0.00,0.000,0.000,0.042,0.081,0.088,1.21,2.27
light_gust,correction_off,14.75,1.155,2.311,0.00,0.00,0.000,0.000,0.041,0.080,0.087,1.20,2.26
light_gust,correction_off,14.80,1.125,2.249,0.00,0.00,0.000,0.000,0.041,0.080,0.087,1.19,2.25
light_gust,correction_off,14.85,1.094,2.188,0.00,0.00,0.000,0.000,0.040,0.080,0.086,1.19,2.24
light_gust,correction_off,14.90,1.063,2.125,0.00,0.00,0.000,0.000,0.040,0.079,0.085,1.17,2.23
light_gust,correction_off,14.95,1.031,2.063,0.00,0.00,0.000,0.000,0.038,0.079,0.084,1.16,2.23
light_gust,correction_off,15.00,1.000,2.000,0.00,0.00,0.000,0.000,0.017,0.067,0.065,0.95,2.20
light_gust,correction_off,15.05,0.969,1.937,0.00,0.00,0.000,0.000,0.017,0.067,0.065,0.95,2.20
light_gust,correction_off,15.10,0.937,1.875,0.00,0.00,0.000,0.000,0.016,0.067,0.064,0.96,2.20
light_gust,correction_off,15.15,0.906,1.812,0.00,0.00,0.000,0.000,0.015,0.066,0.063,0.97,2.20
light_gust,correction_off,15.20,0.875,1.751,0.00,0.00,0.000,0.000,0.015,0.065,0.062,0.97,2.20
light_gust,correction_off,15.25,0.845,1.689,0.00,0.00,0.000,0.000,0.013,0.064,0.061,0.98,2.20
light_gust,correction_off,15.30,0.815,1.629,0.00,0.00,0.000,0.000,0.012,0.064,0.060,0.98,2.20
light_gust,correction_off,15.35,0.785,1.570,0.00,0.00,0.000,0.000,0.010,0.063,0.058,0.98,2.20
light_gust,correction_off,15.40,0.756,1.512,0.00,0.00,0.000,0.000,0.008,0.062,0.057,0.97,2.20
light_gust,correction_off,15.45,0.728,1.455,0.00,0.00,0.000,0.000,0.006,0.060,0.055,0.96,2.19
light_gust,correction_off,15.50,0.700,1.400,0.00,0.00,0.000,0.000,0.004,0.059,0.054,0.95,2.18
light_gust,correction_off,15.55,0.673,1.346,0.00,0.00,0.000,0.000,0.001,0.057,0.051,0.93,2.16
light_gust,correction_off,15.60,0.647,1.295,0.00,0.00,0.000,0.000,-0.001,0.055,0.049,0.91,2.14
light_gust,correction_off,15.65,0.622,1.245,0.00,0.00,0.000,0.000,-0.005,0.053,0.047,0.88,2.12
light_gust,correction_off,15.70,0.599,1.197,0.00,0.00,0.000,0.000,-0.007,0.051,0.046,0.85,2.09
light_gust,correction_off,15.75,0.576,1.151,0.00,0.00,0.000,0.000,-0.011,0.049,0.043,0.82,2.06
light_gust,correction_off,15.80,0.554,1.108,0.00,0.00,0.000,0.000,-0.014,0.047,0.042,0.78,2.03
light_gust,correction_off,15.85,0.534,1.067,0.00,0.00,0.000,0.000,-0.018,0.044,0.041,0.75,2.00
light_gust,correction_off,15.90,0.515,1.029,0.00,0.00,0.000,0.000,-0.021,0.043,0.040,0.71,1.97
light_gust,correction_off,15.95,0.497,0.994,0.00,0.00,0.000,0.000,-0.025,0.039,0.040,0.68,1.94
light_gust,correction_off,16.00,0.480,0.961,0.00,0.00,0.000,0.000,-0.064,-0.016,0.064,0.35,1.33
light_gust,correction_off,16.05,0.465,0.931,0.00,0.00,0.000,0.000,-0.064,-0.016,0.064,0.35,1.33
light_gust,correction_off,16.10,0.452,0.904,0.00,0.00,0.000,0.000,-0.063,-0.017,0.064,0.37,1.32
light_gust,correction_off,16.15,0.440,0.880,0.00,0.00,0.000,0.000,-0.061,-0.018,0.062,0.40,1.31
light_gust,correction_off,16.20,0.429,0.859,0.00,0.00,0.000,0.000,-0.060,-0.019,0.061,0.43,1.30
light_gust,correction_off,16.25,0.420,0.841,0.00,0.00,0.000,0.000,-0.058,-0.019,0.060,0.46,1.30
light_gust,correction_off,16.30,0.413,0.826,0.00,0.00,0.000,0.000,-0.057,-0.020,0.059,0.50,1.30
light_gust,correction_off,16.35,0.407,0.815,0.00,0.00,0.000,0.000,-0.055,-0.020,0.057,0.53,1.30
light_gust,correction_off,16.40,0.403,0.807,0.00,0.00,0.000,0.000,-0.054,-0.020,0.056,0.56,1.31
light_gust,correction_off,16.45,0.401,0.802,0.00,0.00,0.000,0.000,-0.052,-0.020,0.055,0.59,1.31
light_gust,correction_off,16.50,0.400,0.800,0.00,0.00,0.000,0.000,-0.051,-0.020,0.054,0.61,1.31
light_gust,correction_off,16.55,0.401,0.802,0.00,0.00,0.000,0.000,-0.049,-0.020,0.052,0.62,1.31
light_gust,correction_off,16.60,0.403,0.807,0.00,0.00,0.000,0.000,-0.048,-0.020,0.052,0.64,1.31
light_gust,correction_off,16.65,0.407,0.815,0.00,0.00,0.000,0.000,-0.047,-0.020,0.050,0.64,1.31
light_gust,correction_off,16.70,0.413,0.826,0.00,0.00,0.000,0.000,-0.046,-0.020,0.050,0.65,1.30
light_gust,correction_off,16.75,0.420,0.841,0.00,0.00,0.000,0.000,-0.045,-0.021,0.049,0.65,1.29
light_gust,correction_off,16.80,0.429,0.859,0.00,0.00,0.000,0.000,-0.044,-0.021,0.048,0.65,1.28
light_gust,correction_off,16.85,0.440,0.880,0.00,0.00,0.000,0.000,-0.043,-0.021,0.048,0.64,1.27
light_gust,correction_off,16.90,0.452,0.904,0.00,0.00,0.000,0.000,-0.042,-0.022,0.047,0.64,1.25
light_gust,correction_off,16.95,0.465,0.931,0.00,0.00,0.000,0.000,-0.041,-0.022,0.046,0.63,1.24
light_gust,correction_off,17.00,0.480,0.961,0.00,0.00,0.000,0.000,-0.058,-0.045,0.074,0.12,0.77
light_gust,correction_off,17.05,0.497,0.994,0.00,0.00,0.000,0.000,-0.058,-0.045,0.074,0.12,0.77
light_gust,correction_off,17.10,0.515,1.029,0.00,0.00,0.000,0.000,-0.058,-0.046,0.075,0.13,0.75
light_gust,correction_off,17.15,0.534,1.067,0.00,0.00,0.000,0.000,-0.057,-0.047,0.075,0.14,0.72
light_gust,correction_off,17.20,0.554,1.108,0.00,0.00,0.000,0.000,-0.056,-0.048,0.075,0.15,0.70
light_gust,correction_off,17.25,0.576,1.151,0.00,0.00,0.000,0.000,-0.054,-0.050,0.075,0.17,0.68
light_gust,correction_off,17.30,0.599,1.197,0.00,0.00,0.000,0.000,-0.053,-0.050,0.075,0.19,0.66
light_gust,correction_off,17.35,0.622,1.245,0.00,0.00,0.000,0.000,-0.051,-0.052,0.074,0.21,0.64
light_gust,correction_off,17.40,0.647,1.295,0.00,0.00,0.000,0.000,-0.050,-0.053,0.074,0.23,0.63
light_gust,correction_off,17.45,0.673,1.346,0.00,0.00,0.000,0.000,-0.047,-0.054,0.074,0.25,0.62
light_gust,correction_off,17.50,0.700,1.400,0.00,0.00,0.000,0.000,-0.046,-0.055,0.074,0.27,0.61
light_gust,correction_off,17.55,0.728,1.455,0.00,0.00,0.000,0.000,-0.043,-0.056,0.073,0.29,0.60
light_gust,correction_off,17.60,0.756,1.512,0.00,0.00,0.000,0.000,-0.041,-0.057,0.073,0.32,0.59
light_gust,correction_off,17.65,0.785,1.570,0.00,0.00,0.000,0.000,-0.038,-0.058,0.072,0.34,0.59
light_gust,correction_off,17.70,0.815,1.629,0.00,0.00,0.000,0.000,-0.036,-0.058,0.072,0.37,0.58
light_gust,correction_off,17.75,0.845,1.689,0.00,0.00,0.000,0.000,-0.034,-0.059,0.072,0.40,0.57
light_gust,correction_off,17.80,0.875,1.751,0.00,0.00,0.000,0.000,-0.032,-0.060,0.072,0.42,0.57
light_gust,correction_off,17.85,0.906,1.812,0.00,0.00,0.000,0.000,-0.029,-0.061,0.072,0.44,0.56
light_gust,correction_off,17.90,0.937,1.875,0.00,0.00,0.000,0.000,-0.027,-0.062,0.072,0.46,0.56
light_gust,correction_off,17.95,0.969,1.937,0.00,0.00,0.000,0.000,-0.025,-0.063,0.072,0.48,0.55
light_gust,correction_on,0.00,1.000,2.000,0.00,0.00,0.000,0.000,0.004,-0.021,0.014,-0.06,-0.01
light_gust,correction_on,0.05,1.031,2.063,0.00,0.00,0.000,0.000,0.004,-0.021,0.014,-0.06,-0.01
light_gust,correction_on,0.10,1.063,2.125,0.00,0.00,0.000,0.000,0.005,-0.022,0.015,-0.05,-0.04
light_gust,correction_on,0.15,1.094,2.188,0.00,0.00,0.000,0.000,0.006,-0.023,0.016,-0.03,-0.06
light_gust,correction_on,0.20,1.125,2.249,0.00,0.00,0.000,0.000,0.008,-0.024,0.018,-0.00,-0.08
light_gust,correction_on,0.25,1.155,2.311,0.00,0.00,0.000,0.000,0.009,-0.025,0.018,0.02,-0.10
light_gust,correction_on,0.30,1.185,2.371,0.00,0.00,0.000,0.000,0.010,-0.025,0.019,0.05,-0.12
light_gust,correction_on,0.35,1.215,2.430,0.00,0.00,0.000,0.000,0.011,-0.025,0.020,0.07,-0.12
light_gust,correction_on,0.40,1.244,2.488,0.00,0.00,0.000,0.000,0.012,-0.025,0.020,0.09,-0.12
light_gust,correction_on,0.45,1.272,2.545,0.00,0.00,0.000,0.000,0.013,-0.025,0.020,0.10,-0.11
light_gust,correction_on,0.50,1.300,2.600,0.00,0.00,0.000,0.000,0.013,-0.025,0.020,0.12,-0.09
light_gust,correction_on,0.55,1.327,2.654,0.00,0.00,0.000,0.000,0.014,-0.023,0.019,0.13,-0.06
light_gust,correction_on,0.60,1.353,2.705,0.00,0.00,0.000,0.000,0.015,-0.022,0.018,0.15,-0.01
light_gust,correction_on,0.65,1.378,2.755,0.00,0.00,0.000,0.000,0.015,-0.020,0.018,0.15,0.03
light_gust,correction_on,0.70,1.401,2.803,0.00,0.00,0.000,0.000,0.015,-0.018,0.016,0.16,0.09
light_gust,correction_on,0.75,1.424,2.849,0.00,0.00,0.000,0.000,0.015,-0.017,0.015,0.17,0.14
light_gust,correction_on,0.80,1.446,2.892,0.00,0.00,0.000,0.000,0.015,-0.013,0.012,0.17,0.22
light_gust,correction_on,0.85,1.466,2.933,0.00,0.00,0.000,0.000,0.015,-0.011,0.011,0.17,0.27
light_gust,correction_on,0.90,1.485,2.971,0.00,0.00,0.000,0.000,0.014,-0.007,0.009,0.17,0.36
light_gust,correction_on,0.95,1.503,3.006,0.13,0.90,-0.020,-0.135,0.013,-0.004,0.009,0.17,0.42
light_gust,correction_on,1.00,1.520,3.039,0.15,0.84,-0.022,-0.126,0.016,0.051,0.059,0.44,1.69
light_gust,correction_on,1.05,1.535,3.069,0.16,0.74,-0.024,-0.111,0.016,0.051,0.059,0.44,1.69
light_gust,correction_on,1.10,1.548,3.096,0.18,0.64,-0.027,-0.096,0.018,0.051,0.059,0.45,1.66
light_gust,correction_on,1.15,1.560,3.120,0.20,0.57,-0.030,-0.085,0.018,0.050,0.058,0.46,1.63
light_gust,correction_on,1.20,1.571,3.141,0.23,0.53,-0.035,-0.080,0.020,0.049,0.058,0.47,1.57
light_gust,correction_on,1.25,1.580,3.159,0.27,0.53,-0.040,-0.079,0.020,0.048,0.057,0.49,1.52
light_gust,correction_on,1.30,1.587,3.174,0.32,0.55,-0.048,-0.082,0.022,0.047,0.056,0.51,1.43
light_gust,correction_on,1.35,1.593,3.185,0.37,0.58,-0.056,-0.088,0.022,0.046,0.056,0.52,1.38
light_gust,correction_on,1.40,1.597,3.193,0.43,0.62,-0.065,-0.092,0.024,0.044,0.055,0.56,1.31
light_gust,correction_on,1.45,1.599,3.198,0.49,0.64,-0.074,-0.096,0.025,0.044,0.054,0.58,1.28
light_gust,correction_on,1.50,1.600,3.200,0.56,0.66,-0.083,-0.099,0.027,0.042,0.054,0.63,1.26
light_gust,correction_on,1.55,1.599,3.198,0.62,0.68,-0.093,-0.102,0.028,0.042,0.054,0.67,1.25
light_gust,correction_on,1.60,1.597,3.193,0.69,0.71,-0.103,-0.106,0.030,0.041,0.054,0.73,1.27
light_gust,correction_on,1.65,1.593,3.185,0.76,0.73,-0.114,-0.110,0.031,0.041,0.054,0.78,1.28
light_gust,correction_on,1.70,1.587,3.174,0.83,0.77,-0.124,-0.115,0.032,0.040,0.055,0.85,1.32
light_gust,correction_on,1.75,1.580,3.159,0.90,0.82,-0.134,-0.123,0.033,0.040,0.055,0.90,1.34
light_gust,correction_on,1.80,1.571,3.141,0.97,0.88,-0.145,-0.132,0.035,0.040,0.056,0.98,1.39
light_gust,correction_on,1.85,1.560,3.120,1.05,0.96,-0.157,-0.143,0.036,0.040,0.057,1.03,1.42
light_gust,correction_on,1.90,1.548,3.096,1.13,1.04,-0.170,-0.156,0.037,0.041,0.058,1.11,1.48
light_gust,correction_on,1.95,1.535,3.069,1.24,1.16,-0.187,-0.173,0.038,0.041,0.058,1.16,1.52
light_gust,correction_on,2.00,1.520,3.039,1.27,1.25,-0.191,-0.187,-0.016,0.089,0.098,0.68,2.52
light_gust,correction_on,2.05,1.503,3.006,1.24,1.33,-0.186,-0.200,-0.016,0.089,0.098,0.68,2.52
light_gust,correction_on,2.10,1.485,2.971,1.19,1.41,-0.179,-0.212,-0.019,0.091,0.100,0.65,2.53
light_gust,correction_on,2.15,1.466,2.933,1.14,1.50,-0.171,-0.224,-0.020,0.091,0.101,0.64,2.55
light_gust,correction_on,2.20,1.446,2.892,1.10,1.58,-0.164,-0.237,-0.023,0.093,0.103,0.62,2.58
light_gust,correction_on,2.25,1.424,2.849,1.06,1.66,-0.159,-0.249,-0.024,0.093,0.104,0.61,2.62
light_gust,correction_on,2.30,1.401,2.803,1.03,1.74,-0.155,-0.261,-0.027,0.094,0.105,0.60,2.67
light_gust,correction_on,2.35,1.378,2.755,1.02,1.81,-0.153,-0.271,-0.028,0.094,0.106,0.59,2.71
light_gust,correction_on,2.40,1.353,2.705,1.01,1.86,-0.152,-0.280,-0.030,0.094,0.106,0.57,2.77
light_gust,correction_on,2.45,1.327,2.654,1.02,1.90,-0.153,-0.286,-0.031,0.093,0.106,0.55,2.82
light_gust,correction_on,2.50,1.300,2.600,1.03,1.93,-0.155,-0.289,-0.032,0.092,0.106,0.54,2.86
light_gust,correction_on,2.55,1.272,2.545,1.05,1.95,-0.157,-0.292,-0.033,0.092,0.105,0.54,2.89
light_gust,correction_on,2.60,1.244,2.488,1.07,1.95,-0.160,-0.293,-0.034,0.090,0.104,0.54,2.91
light_gust,correction_on,2.65,1.215,2.430,1.09,1.96,-0.164,-0.293,-0.034,0.088,0.103,0.55,2.92
light_gust,correction_on,2.70,1.185,2.371,1.11,1.95,-0.167,-0.292,-0.035,0.085,0.100,0.56,2.91
light_gust,correction_on,2.75,1.155,2.311,1.14,1.94,-0.171,-0.290,-0.035,0.084,0.099,0.58,2.89
light_gust,correction_on,2.80,1.125,2.249,1.16,1.91,-0.174,-0.287,-0.036,0.080,0.096,0.61,2.85
light_gust,correction_on,2.85,1.094,2.188,1.17,1.88,-0.175,-0.282,-0.037,0.078,0.094,0.63,2.82
light_gust,correction_on,2.90,1.063,2.125,1.16,1.84,-0.174,-0.277,-0.038,0.074,0.091,0.66,2.75
light_gust,correction_on,2.95,1.031,2.063,1.13,1.82,-0.170,-0.273,-0.038,0.072,0.090,0.69,2.69
light_gust,correction_on,3.00,1.000,2.000,1.14,1.80,-0.170,-0.271,-0.065,-0.022,0.071,0.48,1.80
light_gust,correction_on,3.05,0.969,1.937,1.16,1.80,-0.174,-0.271,-0.065,-0.022,0.071,0.48,1.80
light_gust,correction_on,3.10,0.937,1.875,1.20,1.81,-0.180,-0.271,-0.064,-0.026,0.071,0.50,1.79
light_gust,correction_on,3.15,0.906,1.812,1.24,1.81,-0.186,-0.271,-0.064,-0.028,0.071,0.52,1.78
light_gust,correction_on,3.20,0.875,1.751,1.29,1.80,-0.193,-0.271,-0.063,-0.032,0.072,0.54,1.78
light_gust,correction_on,3.25,0.845,1.689,1.33,1.80,-0.200,-0.270,-0.062,-0.034,0.072,0.57,1.77
light_gust,correction_on,3.30,0.815,1.629,1.37,1.80,-0.206,-0.269,-0.061,-0.038,0.072,0.61,1.77
light_gust,correction_on,3.35,0.785,1.570,1.41,1.80,-0.212,-0.269,-0.060,-0.040,0.072,0.64,1.76
light_gust,correction_on,3.40,0.756,1.512,1.46,1.79,-0.219,-0.269,-0.058,-0.044,0.072,0.69,1.75
light_gust,correction_on,3.45,0.728,1.455,1.50,1.79,-0.225,-0.269,-0.057,-0.045,0.072,0.74,1.73
light_gust,correction_on,3.50,0.700,1.400,1.54,1.78,-0.231,-0.267,-0.055,-0.048,0.072,0.79,1.72
light_gust,correction_on,3.55,0.673,1.346,1.58,1.75,-0.237,-0.263,-0.054,-0.049,0.072,0.82,1.71
light_gust,correction_on,3.60,0.647,1.295,1.61,1.72,-0.242,-0.258,-0.052,-0.052,0.072,0.88,1.69
light_gust,correction_on,3.65,0.622,1.245,1.64,1.68,-0.245,-0.252,-0.052,-0.053,0.073,0.92,1.67
light_gust,correction_on,3.70,0.599,1.197,1.66,1.64,-0.248,-0.246,-0.050,-0.055,0.073,0.96,1.65
light_gust,correction_on,3.75,0.576,1.151,1.67,1.59,-0.251,-0.238,-0.050,-0.056,0.073,0.99,1.63
light_gust,correction_on,3.80,0.554,1.108,1.69,1.55,-0.254,-0.232,-0.048,-0.058,0.073,1.01,1.60
light_gust,correction_on,3.85,0.534,1.067,1.72,1.51,-0.258,-0.227,-0.048,-0.059,0.073,1.02,1.56
light_gust,correction_on,3.90,0.515,1.029,1.76,1.50,-0.264,-0.225,-0.047,-0.060,0.074,1.02,1.53
light_gust,correction_on,3.95,0.497,0.994,1.82,1.50,-0.274,-0.224,-0.046,-0.060,0.074,1.02,1.50
light_gust,correction_on,4.00,0.480,0.961,1.84,1.55,-0.276,-0.232,-0.061,-0.065,0.088,0.52,1.47
light_gust,correction_on,4.05,0.465,0.931,1.82,1.63,-0.273,-0.244,-0.061,-0.065,0.088,0.52,1.47
light_gust,correction_on,4.10,0.452,0.904,1.79,1.72,-0.269,-0.258,-0.061,-0.064,0.086,0.53,1.48
light_gust,correction_on,4.15,0.440,0.880,1.77,1.81,-0.265,-0.272,-0.060,-0.063,0.086,0.54,1.50
light_gust,correction_on,4.20,0.429,0.859,1.75,1.90,-0.262,-0.284,-0.059,-0.062,0.084,0.55,1.53
light_gust,correction_on,4.25,0.420,0.841,1.74,1.97,-0.261,-0.295,-0.058,-0.061,0.083,0.56,1.58
light_gust,correction_on,4.30,0.413,0.826,1.74,2.02,-0.261,-0.304,-0.057,-0.060,0.081,0.57,1.63
light_gust,correction_on,4.35,0.407,0.815,1.74,2.07,-0.262,-0.310,-0.056,-0.059,0.080,0.58,1.69
light_gust,correction_on,4.40,0.403,0.807,1.75,2.09,-0.262,-0.313,-0.054,-0.058,0.078,0.59,1.74
light_gust,correction_on,4.45,0.401,0.802,1.75,2.09,-0.262,-0.313,-0.053,-0.057,0.077,0.60,1.79
light_gust,correction_on,4.50,0.400,0.800,1.75,2.07,-0.263,-0.311,-0.052,-0.057,0.075,0.61,1.82
light_gust,correction_on,4.55,0.401,0.802,1.76,2.05,-0.264,-0.308,-0.051,-0.057,0.074,0.62,1.84
light_gust,correction_on,4.60,0.403,0.807,1.76,2.02,-0.264,-0.303,-0.049,-0.057,0.073,0.63,1.85
light_gust,correction_on,4.65,0.407,0.815,1.76,1.98,-0.265,-0.297,-0.048,-0.057,0.073,0.64,1.83
light_gust,correction_on,4.70,0.413,0.826,1.76,1.93,-0.264,-0.289,-0.047,-0.058,0.072,0.65,1.80
light_gust,correction_on,4.75,0.420,0.841,1.76,1.87,-0.263,-0.280,-0.047,-0.058,0.072,0.66,1.75
light_gust,correction_on,4.80,0.429,0.859,1.75,1.80,-0.262,-0.270,-0.046,-0.060,0.073,0.66,1.69
light_gust,correction_on,4.85,0.440,0.880,1.73,1.73,-0.259,-0.260,-0.046,-0.061,0.074,0.66,1.61
light_gust,correction_on,4.90,0.452,0.904,1.70,1.67,-0.256,-0.251,-0.047,-0.063,0.076,0.65,1.53
light_gust,correction_on,4.95,0.465,0.931,1.67,1.61,-0.250,-0.241,-0.047,-0.064,0.077,0.63,1.44
light_gust,correction_on,5.00,0.480,0.961,1.64,1.56,-0.246,-0.235,-0.081,-0.100,0.126,0.03,0.64
light_gust,correction_on,5.05,0.497,0.994,1.62,1.53,-0.242,-0.230,-0.081,-0.100,0.126,0.03,0.64
light_gust,correction_on,5.10,0.515,1.029,1.59,1.50,-0.239,-0.225,-0.082,-0.101,0.128,0.02,0.64
light_gust,correction_on,5.15,0.534,1.067,1.57,1.46,-0.235,-0.220,-0.083,-0.102,0.129,0.01,0.63
light_gust,correction_on,5.20,0.554,1.108,1.54,1.42,-0.231,-0.214,-0.084,-0.103,0.130,-0.00,0.62
light_gust,correction_on,5.25,0.576,1.151,1.51,1.39,-0.227,-0.208,-0.084,-0.103,0.130,-0.02,0.60
light_gust,correction_on,5.30,0.599,1.197,1.48,1.35,-0.222,-0.203,-0.084,-0.103,0.131,-0.04,0.58
light_gust,correction_on,5.35,0.622,1.245,1.45,1.32,-0.218,-0.198,-0.084,-0.103,0.131,-0.06,0.55
light_gust,correction_on,5.40,0.647,1.295,1.42,1.28,-0.213,-0.192,-0.083,-0.104,0.131,-0.07,0.53
light_gust,correction_on,5.45,0.673,1.346,1.38,1.25,-0.207,-0.187,-0.083,-0.104,0.130,-0.09,0.50
light_gust,correction_on,5.50,0.700,1.400,1.34,1.21,-0.201,-0.181,-0.081,-0.105,0.130,-0.10,0.48
light_gust,correction_on,5.55,0.728,1.455,1.29,1.17,-0.194,-0.176,-0.080,-0.105,0.129,-0.10,0.46
light_gust,correction_on,5.60,0.756,1.512,1.25,1.14,-0.187,-0.171,-0.077,-0.105,0.128,-0.11,0.44
light_gust,correction_on,5.65,0.785,1.570,1.21,1.11,-0.181,-0.166,-0.076,-0.105,0.126,-0.11,0.42
light_gust,correction_on,5.70,0.815,1.629,1.17,1.08,-0.176,-0.162,-0.073,-0.104,0.124,-0.11,0.40
light_gust,correction_on,5.75,0.845,1.689,1.13,1.06,-0.170,-0.158,-0.071,-0.103,0.122,-0.11,0.39
light_gust,correction_on,5.80,0.875,1.751,1.10,1.04,-0.165,-0.155,-0.067,-0.101,0.118,-0.10,0.38
light_gust,correction_on,5.85,0.906,1.812,1.07,1.02,-0.160,-0.153,-0.065,-0.101,0.116,-0.08,0.37
light_gust,correction_on,5.90,0.937,1.875,1.05,1.01,-0.157,-0.151,-0.061,-0.099,0.113,-0.07,0.37
light_gust,correction_on,5.95,0.969,1.937,1.03,1.00,-0.154,-0.150,-0.058,-0.098,0.110,-0.05,0.38
light_gust,correction_on,6.00,1.000,2.000,1.01,1.01,-0.151,-0.151,0.000,-0.045,0.039,0.51,0.84
light_gust,correction_on,6.05,1.031,2.063,0.99,1.02,-0.148,-0.154,0.000,-0.045,0.039,0.51,0.84
light_gust,correction_on,6.10,1.063,2.125,0.98,1.04,-0.146,-0.157,0.003,-0.044,0.037,0.52,0.84
light_gust,correction_on,6.15,1.094,2.188,0.97,1.06,-0.146,-0.160,0.005,-0.043,0.036,0.53,0.84
light_gust,correction_on,6.20,1.125,2.249,0.98,1.08,-0.146,-0.162,0.008,-0.042,0.035,0.53,0.83
light_gust,correction_on,6.25,1.155,2.311,0.99,1.10,-0.148,-0.165,0.010,-0.041,0.035,0.53,0.83
light_gust,correction_on,6.30,1.185,2.371,1.00,1.11,-0.150,-0.167,0.012,-0.040,0.034,0.53,0.83
light_gust,correction_on,6.35,1.215,2.430,1.01,1.12,-0.152,-0.168,0.014,-0.040,0.034,0.53,0.84
light_gust,correction_on,6.40,1.244,2.488,1.03,1.12,-0.155,-0.168,0.017,-0.039,0.034,0.54,0.84
light_gust,correction_on,6.45,1.272,2.545,1.05,1.12,-0.158,-0.169,0.018,-0.038,0.034,0.55,0.85
light_gust,correction_on,6.50,1.300,2.600,1.07,1.13,-0.161,-0.169,0.020,-0.037,0.035,0.56,0.85
light_gust,correction_on,6.55,1.327,2.654,1.09,1.13,-0.164,-0.169,0.022,-0.037,0.034,0.58,0.86
light_gust,correction_on,6.60,1.353,2.705,1.11,1.13,-0.167,-0.170,0.024,-0.035,0.034,0.59,0.86
light_gust,correction_on,6.65,1.378,2.755,1.13,1.14,-0.170,-0.171,0.025,-0.034,0.034,0.61,0.87
light_gust,correction_on,6.70,1.401,2.803,1.15,1.15,-0.172,-0.173,0.026,-0.031,0.033,0.63,0.88
light_gust,correction_on,6.75,1.424,2.849,1.17,1.17,-0.175,-0.176,0.027,-0.030,0.032,0.65,0.90
light_gust,correction_on,6.80,1.446,2.892,1.19,1.19,-0.179,-0.179,0.028,-0.026,0.031,0.67,0.92
light_gust,correction_on,6.85,1.466,2.933,1.21,1.22,-0.182,-0.183,0.029,-0.024,0.030,0.69,0.95
light_gust,correction_on,6.90,1.485,2.971,1.23,1.25,-0.185,-0.187,0.030,-0.020,0.029,0.70,0.99
light_gust,correction_on,6.95,1.503,3.006,1.26,1.29,-0.189,-0.193,0.030,-0.017,0.028,0.72,1.03
light_gust,correction_on,7.00,1.520,3.039,1.25,1.28,-0.187,-0.193,0.040,0.047,0.065,0.75,1.73
light_gust,correction_on,7.05,1.535,3.069,1.20,1.26,-0.180,-0.189,0.040,0.047,0.065,0.75,1.73
light_gust,correction_on,7.10,1.548,3.096,1.15,1.23,-0.172,-0.185,0.039,0.048,0.065,0.75,1.73
light_gust,correction_on,7.15,1.560,3.120,1.09,1.20,-0.164,-0.180,0.039,0.048,0.065,0.75,1.72
light_gust,correction_on,7.20,1.571,3.141,1.05,1.18,-0.158,-0.177,0.039,0.048,0.065,0.74,1.70
light_gust,correction_on,7.25,1.580,3.159,1.02,1.16,-0.154,-0.175,0.039,0.048,0.065,0.71,1.68
light_gust,correction_on,7.30,1.587,3.174,1.00,1.16,-0.150,-0.173,0.038,0.048,0.064,0.69,1.66
light_gust,correction_on,7.35,1.593,3.185,0.99,1.15,-0.148,-0.173,0.038,0.048,0.064,0.65,1.63
light_gust,correction_on,7.40,1.597,3.193,0.98,1.15,-0.148,-0.172,0.037,0.048,0.064,0.62,1.61
light_gust,correction_on,7.45,1.599,3.198,0.99,1.15,-0.148,-0.172,0.037,0.048,0.063,0.59,1.59
light_gust,correction_on,7.50,1.600,3.200,1.00,1.15,-0.150,-0.172,0.036,0.048,0.063,0.57,1.57
light_gust,correction_on,7.55,1.599,3.198,1.02,1.15,-0.153,-0.173,0.036,0.048,0.064,0.55,1.56
light_gust,correction_on,7.60,1.597,3.193,1.05,1.17,-0.157,-0.175,0.035,0.049,0.064,0.54,1.56
light_gust,correction_on,7.65,1.593,3.185,1.08,1.19,-0.163,-0.178,0.034,0.050,0.064,0.54,1.58
light_gust,correction_on,7.70,1.587,3.174,1.12,1.22,-0.168,-0.183,0.034,0.051,0.065,0.54,1.59
light_gust,correction_on,7.75,1.580,3.159,1.16,1.27,-0.175,-0.190,0.033,0.051,0.065,0.56,1.62
light_gust,correction_on,7.80,1.571,3.141,1.21,1.32,-0.182,-0.198,0.033,0.053,0.066,0.59,1.65
light_gust,correction_on,7.85,1.560,3.120,1.26,1.39,-0.189,-0.208,0.032,0.053,0.066,0.62,1.69
light_gust,correction_on,7.90,1.548,3.096,1.31,1.46,-0.197,-0.219,0.031,0.054,0.067,0.66,1.73
light_gust,correction_on,7.95,1.535,3.069,1.37,1.55,-0.205,-0.233,0.030,0.055,0.067,0.70,1.79
light_gust,correction_on,8.00,1.520,3.039,1.41,1.61,-0.211,-0.241,-0.007,0.065,0.072,0.66,2.27
light_gust,correction_on,8.05,1.503,3.006,1.44,1.63,-0.216,-0.245,-0.007,0.065,0.072,0.66,2.27
light_gust,correction_on,8.10,1.485,2.971,1.47,1.66,-0.220,-0.248,-0.009,0.063,0.071,0.65,2.26
light_gust,correction_on,8.15,1.466,2.933,1.49,1.67,-0.224,-0.250,-0.010,0.062,0.070,0.65,2.25
light_gust,correction_on,8.20,1.446,2.892,1.51,1.69,-0.226,-0.253,-0.012,0.060,0.069,0.66,2.25
light_gust,correction_on,8.25,1.424,2.849,1.53,1.70,-0.229,-0.256,-0.012,0.059,0.068,0.67,2.25
light_gust,correction_on,8.30,1.401,2.803,1.54,1.72,-0.232,-0.258,-0.013,0.057,0.066,0.69,2.25
light_gust,correction_on,8.35,1.378,2.755,1.56,1.74,-0.234,-0.261,-0.014,0.056,0.066,0.72,2.25
light_gust,correction_on,8.40,1.353,2.705,1.58,1.75,-0.237,-0.263,-0.015,0.054,0.064,0.74,2.25
light_gust,correction_on,8.45,1.327,2.654,1.60,1.76,-0.240,-0.264,-0.015,0.053,0.063,0.76,2.24
light_gust,correction_on,8.50,1.300,2.600,1.62,1.77,-0.242,-0.265,-0.016,0.052,0.062,0.79,2.24
light_gust,correction_on,8.55,1.272,2.545,1.63,1.77,-0.245,-0.266,-0.017,0.051,0.062,0.80,2.24
light_gust,correction_on,8.60,1.244,2.488,1.65,1.78,-0.247,-0.267,-0.018,0.049,0.060,0.82,2.24
light_gust,correction_on,8.65,1.215,2.430,1.66,1.78,-0.249,-0.267,-0.019,0.048,0.060,0.83,2.24
light_gust,correction_on,8.70,1.185,2.371,1.67,1.79,-0.251,-0.268,-0.020,0.046,0.058,0.84,2.23
light_gust,correction_on,8.75,1.155,2.311,1.68,1.79,-0.252,-0.269,-0.020,0.046,0.058,0.85,2.23
light_gust,correction_on,8.80,1.125,2.249,1.69,1.80,-0.254,-0.270,-0.021,0.044,0.057,0.86,2.23
light_gust,correction_on,8.85,1.094,2.188,1.70,1.81,-0.255,-0.271,-0.021,0.043,0.056,0.86,2.22
light_gust,correction_on,8.90,1.063,2.125,1.71,1.81,-0.257,-0.272,-0.022,0.042,0.056,0.86,2.22
light_gust,correction_on,8.95,1.031,2.063,1.72,1.83,-0.259,-0.274,-0.023,0.041,0.055,0.87,2.22
light_gust,correction_on,9.00,1.000,2.000,1.74,1.84,-0.261,-0.275,-0.041,0.010,0.049,0.72,2.14
light_gust,correction_on,9.05,0.969,1.937,1.76,1.84,-0.264,-0.277,-0.041,0.010,0.049,0.72,2.14
light_gust,correction_on,9.10,0.937,1.875,1.79,1.85,-0.268,-0.277,-0.041,0.007,0.048,0.72,2.11
light_gust,correction_on,9.15,0.906,1.812,1.81,1.85,-0.271,-0.278,-0.041,0.005,0.047,0.72,2.09
light_gust,correction_on,9.20,0.875,1.751,1.83,1.85,-0.274,-0.278,-0.040,0.000,0.045,0.72,2.07
light_gust,correction_on,9.25,0.845,1.689,1.85,1.85,-0.277,-0.278,-0.040,-0.001,0.044,0.73,2.05
light_gust,correction_on,9.30,0.815,1.629,1.86,1.84,-0.280,-0.277,-0.039,-0.005,0.043,0.75,2.03
light_gust,correction_on,9.35,0.785,1.570,1.88,1.84,-0.282,-0.275,-0.038,-0.007,0.042,0.77,2.01
light_gust,correction_on,9.40,0.756,1.512,1.89,1.82,-0.284,-0.274,-0.036,-0.010,0.041,0.79,1.99
light_gust,correction_on,9.45,0.728,1.455,1.90,1.81,-0.286,-0.272,-0.036,-0.011,0.040,0.82,1.96
light_gust,correction_on,9.50,0.700,1.400,1.91,1.80,-0.287,-0.270,-0.035,-0.014,0.040,0.84,1.93
light_gust,correction_on,9.55,0.673,1.346,1.92,1.78,-0.288,-0.268,-0.034,-0.015,0.039,0.86,1.90
light_gust,correction_on,9.60,0.647,1.295,1.93,1.77,-0.290,-0.266,-0.033,-0.017,0.039,0.87,1.88
light_gust,correction_on,9.65,0.622,1.245,1.94,1.76,-0.291,-0.264,-0.032,-0.018,0.038,0.89,1.85
light_gust,correction_on,9.70,0.599,1.197,1.94,1.74,-0.292,-0.262,-0.031,-0.020,0.038,0.90,1.82
light_gust,correction_on,9.75,0.576,1.151,1.95,1.73,-0.292,-0.260,-0.031,-0.021,0.038,0.91,1.80
light_gust,correction_on,9.80,0.554,1.108,1.95,1.72,-0.293,-0.258,-0.030,-0.023,0.038,0.91,1.78
light_gust,correction_on,9.85,0.534,1.067,1.96,1.70,-0.294,-0.256,-0.030,-0.024,0.039,0.91,1.75
light_gust,correction_on,9.90,0.515,1.029,1.96,1.69,-0.294,-0.253,-0.030,-0.026,0.039,0.90,1.73
light_gust,correction_on,9.95,0.497,0.994,1.97,1.67,-0.295,-0.250,-0.030,-0.027,0.040,0.89,1.70
light_gust,correction_on,10.00,0.480,0.961,1.96,1.68,-0.294,-0.252,-0.028,-0.043,0.048,0.65,1.51
light_gust,correction_on,10.05,0.465,0.931,1.94,1.72,-0.290,-0.258,-0.028,-0.043,0.048,0.65,1.51
light_gust,correction_on,10.10,0.452,0.904,1.91,1.76,-0.287,-0.263,-0.027,-0.043,0.048,0.65,1.52
light_gust,correction_on,10.15,0.440,0.880,1.89,1.80,-0.284,-0.270,-0.027,-0.043,0.048,0.64,1.53
light_gust,correction_on,10.20,0.429,0.859,1.87,1.83,-0.281,-0.274,-0.027,-0.044,0.048,0.64,1.54
light_gust,correction_on,10.25,0.420,0.841,1.86,1.85,-0.279,-0.278,-0.027,-0.044,0.049,0.63,1.56
light_gust,correction_on,10.30,0.413,0.826,1.85,1.87,-0.278,-0.280,-0.027,-0.045,0.049,0.63,1.58
light_gust,correction_on,10.35,0.407,0.815,1.83,1.87,-0.275,-0.280,-0.027,-0.046,0.050,0.61,1.59
light_gust,correction_on,10.40,0.403,0.807,1.81,1.84,-0.271,-0.276,-0.027,-0.048,0.052,0.60,1.60
light_gust,correction_on,10.45,0.401,0.802,1.78,1.81,-0.267,-0.272,-0.027,-0.049,0.053,0.59,1.60
light_gust,correction_on,10.50,0.400,0.800,1.75,1.78,-0.262,-0.268,-0.028,-0.051,0.055,0.57,1.58
light_gust,correction_on,10.55,0.401,0.802,1.72,1.75,-0.258,-0.262,-0.028,-0.052,0.056,0.55,1.55
light_gust,correction_on,10.60,0.403,0.807,1.68,1.71,-0.252,-0.256,-0.028,-0.055,0.058,0.53,1.51
light_gust,correction_on,10.65,0.407,0.815,1.65,1.66,-0.247,-0.249,-0.028,-0.056,0.059,0.50,1.46
light_gust,correction_on,10.70,0.413,0.826,1.61,1.61,-0.241,-0.241,-0.028,-0.059,0.062,0.47,1.40
light_gust,correction_on,10.75,0.420,0.841,1.57,1.55,-0.235,-0.232,-0.028,-0.061,0.063,0.43,1.33
light_gust,correction_on,10.80,0.429,0.859,1.52,1.49,-0.229,-0.223,-0.029,-0.065,0.066,0.40,1.27
light_gust,correction_on,10.85,0.440,0.880,1.48,1.42,-0.222,-0.213,-0.029,-0.066,0.068,0.36,1.19
light_gust,correction_on,10.90,0.452,0.904,1.44,1.36,-0.216,-0.204,-0.029,-0.070,0.071,0.32,1.11
light_gust,correction_on,10.95,0.465,0.931,1.39,1.30,-0.209,-0.195,-0.028,-0.072,0.073,0.28,1.02
light_gust,correction_on,11.00,0.480,0.961,1.40,1.31,-0.210,-0.197,0.001,-0.098,0.092,0.47,0.56
light_gust,correction_on,11.05,0.497,0.994,1.44,1.36,-0.216,-0.204,0.001,-0.098,0.092,0.47,0.56
light_gust,correction_on,11.10,0.515,1.029,1.49,1.43,-0.224,-0.214,0.003,-0.097,0.091,0.49,0.57
light_gust,correction_on,11.15,0.534,1.067,1.56,1.49,-0.233,-0.224,0.004,-0.097,0.090,0.51,0.59
light_gust,correction_on,11.20,0.554,1.108,1.62,1.55,-0.242,-0.232,0.006,-0.096,0.089,0.53,0.61
light_gust,correction_on,11.25,0.576,1.151,1.67,1.60,-0.251,-0.240,0.006,-0.095,0.088,0.55,0.64
light_gust,correction_on,11.30,0.599,1.197,1.72,1.65,-0.258,-0.247,0.008,-0.093,0.086,0.57,0.67
light_gust,correction_on,11.35,0.622,1.245,1.76,1.68,-0.264,-0.252,0.008,-0.092,0.085,0.60,0.71
light_gust,correction_on,11.40,0.647,1.295,1.79,1.70,-0.269,-0.255,0.010,-0.089,0.083,0.64,0.75
light_gust,correction_on,11.45,0.673,1.346,1.80,1.72,-0.270,-0.258,0.011,-0.088,0.081,0.67,0.80
light_gust,correction_on,11.50,0.700,1.400,1.79,1.75,-0.269,-0.262,0.013,-0.085,0.079,0.70,0.84
light_gust,correction_on,11.55,0.728,1.455,1.76,1.76,-0.265,-0.265,0.013,-0.084,0.077,0.74,0.89
light_gust,correction_on,11.60,0.756,1.512,1.73,1.78,-0.259,-0.266,0.015,-0.080,0.074,0.76,0.91
light_gust,correction_on,11.65,0.785,1.570,1.68,1.78,-0.252,-0.267,0.016,-0.079,0.073,0.77,0.95
light_gust,correction_on,11.70,0.815,1.629,1.63,1.77,-0.244,-0.265,0.017,-0.076,0.071,0.78,0.98
light_gust,correction_on,11.75,0.845,1.689,1.57,1.75,-0.235,-0.262,0.018,-0.075,0.070,0.77,1.00
light_gust,correction_on,11.80,0.875,1.751,1.51,1.71,-0.226,-0.257,0.019,-0.073,0.067,0.75,1.02
light_gust,correction_on,11.85,0.906,1.812,1.45,1.67,-0.217,-0.251,0.020,-0.071,0.066,0.72,1.03
light_gust,correction_on,11.90,0.937,1.875,1.40,1.63,-0.210,-0.244,0.020,-0.069,0.064,0.68,1.03
light_gust,correction_on,11.95,0.969,1.937,1.36,1.57,-0.204,-0.236,0.021,-0.068,0.063,0.63,1.02
light_gust,correction_on,12.00,1.000,2.000,1.32,1.50,-0.198,-0.224,0.007,-0.047,0.040,0.26,0.81
light_gust,correction_on,12.05,1.031,2.063,1.28,1.41,-0.192,-0.212,0.007,-0.047,0.040,0.26,0.81
light_gust,correction_on,12.10,1.063,2.125,1.25,1.33,-0.187,-0.200,0.006,-0.046,0.039,0.25,0.81
light_gust,correction_on,12.15,1.094,2.188,1.21,1.26,-0.182,-0.189,0.006,-0.045,0.038,0.24,0.80
light_gust,correction_on,12.20,1.125,2.249,1.18,1.19,-0.177,-0.179,0.005,-0.044,0.037,0.22,0.78
light_gust,correction_on,12.25,1.155,2.311,1.14,1.14,-0.172,-0.171,0.004,-0.043,0.036,0.20,0.74
light_gust,correction_on,12.30,1.185,2.371,1.11,1.10,-0.166,-0.165,0.004,-0.041,0.035,0.17,0.70
light_gust,correction_on,12.35,1.215,2.430,1.07,1.07,-0.161,-0.160,0.003,-0.041,0.034,0.14,0.66
light_gust,correction_on,12.40,1.244,2.488,1.03,1.04,-0.155,-0.156,0.002,-0.039,0.032,0.11,0.63
light_gust,correction_on,12.45,1.272,2.545,1.00,1.02,-0.149,-0.153,0.002,-0.038,0.031,0.09,0.60
light_gust,correction_on,12.50,1.300,2.600,0.96,1.01,-0.144,-0.151,0.001,-0.035,0.029,0.06,0.59
light_gust,correction_on,12.55,1.327,2.654,0.93,1.00,-0.139,-0.150,0.001,-0.034,0.028,0.04,0.58
light_gust,correction_on,12.60,1.353,2.705,0.90,1.00,-0.136,-0.150,0.000,-0.031,0.024,0.03,0.59
light_gust,correction_on,12.65,1.378,2.755,0.89,1.01,-0.133,-0.151,0.000,-0.029,0.022,0.01,0.61
light_gust,correction_on,12.70,1.401,2.803,0.88,1.03,-0.132,-0.154,0.000,-0.025,0.019,0.01,0.64
light_gust,correction_on,12.75,1.424,2.849,0.88,1.05,-0.132,-0.158,0.000,-0.023,0.017,0.01,0.69
light_gust,correction_on,12.80,1.446,2.892,0.88,1.09,-0.133,-0.163,0.000,-0.018,0.012,0.01,0.74
light_gust,correction_on,12.85,1.466,2.933,0.90,1.13,-0.134,-0.170,0.000,-0.016,0.010,0.02,0.80
light_gust,correction_on,12.90,1.485,2.971,0.92,1.19,-0.137,-0.178,0.001,-0.011,0.005,0.04,0.86
light_gust,correction_on,12.95,1.503,3.006,0.94,1.25,-0.140,-0.188,0.002,-0.009,0.003,0.07,0.94
light_gust,correction_on,13.00,1.520,3.039,0.96,1.28,-0.144,-0.192,0.053,0.040,0.067,0.89,1.58
light_gust,correction_on,13.05,1.535,3.069,1.00,1.28,-0.150,-0.192,0.053,0.040,0.067,0.89,1.58
light_gust,correction_on,13.10,1.548,3.096,1.05,1.28,-0.157,-0.193,0.054,0.041,0.069,0.89,1.57
light_gust,correction_on,13.15,1.560,3.120,1.10,1.29,-0.165,-0.193,0.055,0.041,0.069,0.89,1.55
light_gust,correction_on,13.20,1.571,3.141,1.15,1.30,-0.172,-0.195,0.056,0.042,0.071,0.90,1.54
light_gust,correction_on,13.25,1.580,3.159,1.19,1.32,-0.179,-0.198,0.056,0.042,0.071,0.91,1.53
light_gust,correction_on,13.30,1.587,3.174,1.24,1.35,-0.186,-0.202,0.057,0.042,0.072,0.93,1.53
light_gust,correction_on,13.35,1.593,3.185,1.29,1.37,-0.193,-0.206,0.057,0.043,0.072,0.95,1.53
light_gust,correction_on,13.40,1.597,3.193,1.33,1.39,-0.199,-0.209,0.058,0.043,0.073,0.97,1.53
light_gust,correction_on,13.45,1.599,3.198,1.37,1.41,-0.206,-0.211,0.058,0.044,0.074,1.00,1.55
light_gust,correction_on,13.50,1.600,3.200,1.41,1.42,-0.212,-0.213,0.058,0.044,0.074,1.02,1.56
light_gust,correction_on,13.55,1.599,3.198,1.46,1.43,-0.219,-0.215,0.058,0.044,0.074,1.05,1.59
light_gust,correction_on,13.60,1.597,3.193,1.50,1.45,-0.225,-0.217,0.058,0.044,0.074,1.07,1.61
light_gust,correction_on,13.65,1.593,3.185,1.54,1.46,-0.231,-0.220,0.058,0.045,0.074,1.10,1.63
light_gust,correction_on,13.70,1.587,3.174,1.57,1.49,-0.236,-0.223,0.057,0.045,0.074,1.12,1.65
light_gust,correction_on,13.75,1.580,3.159,1.61,1.52,-0.241,-0.228,0.056,0.046,0.074,1.13,1.68
light_gust,correction_on,13.80,1.571,3.141,1.64,1.56,-0.246,-0.234,0.054,0.046,0.073,1.15,1.70
light_gust,correction_on,13.85,1.560,3.120,1.68,1.60,-0.251,-0.240,0.053,0.047,0.073,1.16,1.73
light_gust,correction_on,13.90,1.548,3.096,1.71,1.64,-0.257,-0.247,0.051,0.048,0.072,1.16,1.76
light_gust,correction_on,13.95,1.535,3.069,1.76,1.70,-0.265,-0.255,0.049,0.048,0.071,1.16,1.80
light_gust,correction_on,14.00,1.520,3.039,1.79,1.73,-0.269,-0.259,-0.013,0.068,0.076,0.61,2.29
light_gust,correction_on,14.05,1.503,3.006,1.80,1.75,-0.270,-0.262,-0.013,0.068,0.076,0.61,2.29
light_gust,correction_on,14.10,1.485,2.971,1.80,1.76,-0.271,-0.264,-0.015,0.069,0.078,0.61,2.29
light_gust,correction_on,14.15,1.466,2.933,1.80,1.78,-0.271,-0.268,-0.016,0.069,0.078,0.60,2.30
light_gust,correction_on,14.20,1.446,2.892,1.80,1.81,-0.271,-0.272,-0.018,0.070,0.080,0.61,2.32
light_gust,correction_on,14.25,1.424,2.849,1.80,1.85,-0.270,-0.277,-0.018,0.070,0.080,0.62,2.34
light_gust,correction_on,14.30,1.401,2.803,1.80,1.88,-0.270,-0.282,-0.019,0.071,0.081,0.64,2.36
light_gust,correction_on,14.35,1.378,2.755,1.80,1.92,-0.270,-0.288,-0.020,0.071,0.082,0.65,2.38
light_gust,correction_on,14.40,1.353,2.705,1.80,1.95,-0.271,-0.292,-0.021,0.071,0.082,0.67,2.40
light_gust,correction_on,14.45,1.327,2.654,1.81,1.97,-0.271,-0.296,-0.022,0.071,0.082,0.69,2.43
light_gust,correction_on,14.50,1.300,2.600,1.81,2.00,-0.271,-0.299,-0.023,0.070,0.082,0.70,2.45
light_gust,correction_on,14.55,1.272,2.545,1.81,2.02,-0.272,-0.302,-0.023,0.070,0.081,0.72,2.46
light_gust,correction_on,14.60,1.244,2.488,1.81,2.03,-0.272,-0.304,-0.024,0.069,0.081,0.73,2.48
light_gust,correction_on,14.65,1.215,2.430,1.81,2.04,-0.272,-0.306,-0.024,0.068,0.080,0.75,2.49
light_gust,correction_on,14.70,1.185,2.371,1.81,2.04,-0.272,-0.307,-0.025,0.067,0.079,0.76,2.49
light_gust,correction_on,14.75,1.155,2.311,1.81,2.05,-0.272,-0.307,-0.025,0.066,0.079,0.77,2.49
light_gust,correction_on,14.80,1.125,2.249,1.81,2.04,-0.271,-0.307,-0.025,0.064,0.077,0.78,2.48
light_gust,correction_on,14.85,1.094,2.188,1.80,2.04,-0.271,-0.306,-0.025,0.063,0.076,0.79,2.47
light_gust,correction_on,14.90,1.063,2.125,1.80,2.02,-0.270,-0.303,-0.025,0.062,0.074,0.79,2.46
light_gust,correction_on,14.95,1.031,2.063,1.79,2.01,-0.268,-0.302,-0.025,0.061,0.074,0.80,2.44
light_gust,correction_on,15.00,1.000,2.000,1.79,2.01,-0.269,-0.301,-0.022,0.036,0.050,0.87,2.20
light_gust,correction_on,15.05,0.969,1.937,1.81,2.00,-0.271,-0.301,-0.022,0.036,0.050,0.87,2.20
light_gust,correction_on,15.10,0.937,1.875,1.83,2.00,-0.274,-0.300,-0.021,0.036,0.049,0.89,2.21
light_gust,correction_on,15.15,0.906,1.812,1.85,2.00,-0.277,-0.300,-0.020,0.036,0.049,0.90,2.22
light_gust,correction_on,15.20,0.875,1.751,1.87,2.00,-0.280,-0.300,-0.019,0.035,0.048,0.92,2.24
light_gust,correction_on,15.25,0.845,1.689,1.88,2.00,-0.282,-0.300,-0.018,0.035,0.047,0.94,2.25
light_gust,correction_on,15.30,0.815,1.629,1.90,1.99,-0.284,-0.299,-0.017,0.034,0.046,0.96,2.26
light_gust,correction_on,15.35,0.785,1.570,1.91,1.98,-0.286,-0.297,-0.017,0.033,0.045,0.98,2.26
light_gust,correction_on,15.40,0.756,1.512,1.91,1.97,-0.287,-0.295,-0.016,0.031,0.043,1.00,2.26
light_gust,correction_on,15.45,0.728,1.455,1.92,1.95,-0.288,-0.293,-0.015,0.030,0.041,1.01,2.25
light_gust,correction_on,15.50,0.700,1.400,1.92,1.93,-0.288,-0.289,-0.014,0.027,0.038,1.02,2.23
light_gust,correction_on,15.55,0.673,1.346,1.92,1.90,-0.288,-0.285,-0.014,0.025,0.037,1.03,2.20
light_gust,correction_on,15.60,0.647,1.295,1.91,1.85,-0.286,-0.278,-0.012,0.021,0.033,1.04,2.16
light_gust,correction_on,15.65,0.622,1.245,1.89,1.80,-0.284,-0.269,-0.012,0.020,0.031,1.04,2.11
light_gust,correction_on,15.70,0.599,1.197,1.87,1.73,-0.280,-0.260,-0.012,0.016,0.028,1.03,2.06
light_gust,correction_on,15.75,0.576,1.151,1.83,1.66,-0.275,-0.249,-0.011,0.015,0.027,1.02,2.00
light_gust,correction_on,15.80,0.554,1.108,1.80,1.59,-0.270,-0.238,-0.011,0.011,0.023,1.00,1.93
light_gust,correction_on,15.85,0.534,1.067,1.76,1.51,-0.264,-0.227,-0.011,0.009,0.022,0.98,1.86
light_gust,correction_on,15.90,0.515,1.029,1.73,1.44,-0.259,-0.216,-0.011,0.005,0.019,0.95,1.78
light_gust,correction_on,15.95,0.497,0.994,1.71,1.38,-0.256,-0.207,-0.010,0.003,0.018,0.91,1.70
light_gust,correction_on,16.00,0.480,0.961,1.69,1.40,-0.253,-0.210,-0.025,-0.019,0.032,0.54,1.50
light_gust,correction_on,16.05,0.465,0.931,1.67,1.46,-0.251,-0.218,-0.025,-0.019,0.032,0.54,1.50
light_gust,correction_on,16.10,0.452,0.904,1.66,1.52,-0.249,-0.229,-0.027,-0.020,0.034,0.52,1.50
light_gust,correction_on,16.15,0.440,0.880,1.65,1.59,-0.248,-0.239,-0.027,-0.021,0.034,0.50,1.50
light_gust,correction_on,16.20,0.429,0.859,1.66,1.65,-0.248,-0.248,-0.029,-0.021,0.036,0.48,1.51
light_gust,correction_on,16.25,0.420,0.841,1.66,1.70,-0.250,-0.255,-0.029,-0.021,0.037,0.46,1.54
light_gust,correction_on,16.30,0.413,0.826,1.68,1.74,-0.252,-0.260,-0.030,-0.022,0.038,0.45,1.56
light_gust,correction_on,16.35,0.407,0.815,1.70,1.76,-0.255,-0.265,-0.031,-0.022,0.038,0.44,1.59
light_gust,correction_on,16.40,0.403,0.807,1.72,1.77,-0.258,-0.266,-0.032,-0.022,0.039,0.44,1.62
light_gust,correction_on,16.45,0.401,0.802,1.72,1.76,-0.258,-0.264,-0.033,-0.022,0.040,0.44,1.65
light_gust,correction_on,16.50,0.400,0.800,1.71,1.74,-0.257,-0.261,-0.034,-0.023,0.041,0.44,1.67
light_gust,correction_on,16.55,0.401,0.802,1.70,1.71,-0.255,-0.257,-0.034,-0.023,0.042,0.45,1.67
light_gust,correction_on,16.60,0.403,0.807,1.68,1.69,-0.251,-0.253,-0.035,-0.024,0.043,0.45,1.67
light_gust,correction_on,16.65,0.407,0.815,1.65,1.65,-0.247,-0.248,-0.035,-0.025,0.043,0.45,1.65
light_gust,correction_on,16.70,0.413,0.826,1.61,1.60,-0.242,-0.241,-0.035,-0.026,0.044,0.45,1.62
light_gust,correction_on,16.75,0.420,0.841,1.57,1.55,-0.236,-0.232,-0.035,-0.028,0.045,0.44,1.58
light_gust,correction_on,16.80,0.429,0.859,1.52,1.49,-0.228,-0.223,-0.035,-0.031,0.046,0.42,1.52
light_gust,correction_on,16.85,0.440,0.880,1.48,1.42,-0.221,-0.213,-0.035,-0.032,0.047,0.40,1.46
light_gust,correction_on,16.90,0.452,0.904,1.44,1.36,-0.216,-0.204,-0.034,-0.036,0.048,0.38,1.38
light_gust,correction_on,16.95,0.465,0.931,1.40,1.29,-0.210,-0.193,-0.034,-0.038,0.050,0.35,1.29
light_gust,correction_on,17.00,0.480,0.961,1.39,1.27,-0.209,-0.190,-0.016,-0.076,0.072,0.36,0.57
light_gust,correction_on,17.05,0.497,0.994,1.40,1.26,-0.210,-0.190,-0.016,-0.076,0.072,0.36,0.57
light_gust,correction_on,17.10,0.515,1.029,1.41,1.27,-0.212,-0.190,-0.015,-0.076,0.072,0.36,0.58
light_gust,correction_on,17.15,0.534,1.067,1.43,1.27,-0.215,-0.191,-0.015,-0.076,0.072,0.35,0.58
light_gust,correction_on,17.20,0.554,1.108,1.45,1.28,-0.218,-0.191,-0.015,-0.075,0.071,0.35,0.59
light_gust,correction_on,17.25,0.576,1.151,1.47,1.28,-0.221,-0.192,-0.014,-0.074,0.070,0.35,0.60
light_gust,correction_on,17.30,0.599,1.197,1.49,1.28,-0.223,-0.192,-0.013,-0.073,0.068,0.35,0.61
light_gust,correction_on,17.35,0.622,1.245,1.50,1.28,-0.226,-0.192,-0.013,-0.072,0.067,0.35,0.62
light_gust,correction_on,17.40,0.647,1.295,1.51,1.28,-0.227,-0.192,-0.011,-0.070,0.065,0.36,0.64
light_gust,correction_on,17.45,0.673,1.346,1.51,1.28,-0.227,-0.193,-0.010,-0.069,0.064,0.37,0.66
light_gust,correction_on,17.50,0.700,1.400,1.50,1.29,-0.225,-0.193,-0.009,-0.067,0.061,0.39,0.68
light_gust,correction_on,17.55,0.728,1.455,1.48,1.30,-0.222,-0.194,-0.008,-0.066,0.060,0.40,0.71
light_gust,correction_on,17.60,0.756,1.512,1.45,1.30,-0.218,-0.195,-0.005,-0.063,0.057,0.42,0.73
light_gust,correction_on,17.65,0.785,1.570,1.42,1.30,-0.213,-0.196,-0.004,-0.062,0.056,0.44,0.76
light_gust,correction_on,17.70,0.815,1.629,1.38,1.31,-0.207,-0.196,-0.002,-0.061,0.054,0.46,0.78
light_gust,correction_on,17.75,0.845,1.689,1.34,1.30,-0.200,-0.195,-0.001,-0.060,0.054,0.47,0.80
light_gust,correction_on,17.80,0.875,1.751,1.30,1.28,-0.194,-0.193,0.001,-0.059,0.052,0.47,0.81
light_gust,correction_on,17.85,0.906,1.812,1.26,1.26,-0.189,-0.190,0.002,-0.059,0.052,0.47,0.83
light_gust,correction_on,17.90,0.937,1.875,1.23,1.24,-0.185,-0.186,0.004,-0.058,0.051,0.46,0.84
light_gust,correction_on,17.95,0.969,1.937,1.21,1.21,-0.181,-0.181,0.005,-0.057,0.051,0.44,0.84
default_gust,correction_off,0.00,2.000,5.000,0.00,0.00,0.000,0.000,0.059,0.034,0.010,-0.15,0.07
default_gust,correction_off,0.05,2.063,5.157,0.00,0.00,0.000,0.000,0.059,0.034,0.010,-0.15,0.07
default_gust,correction_off,0.10,2.125,5.314,0.00,0.00,0.000,0.000,0.061,0.034,0.009,-0.11,0.07
default_gust,correction_off,0.15,2.188,5.469,0.00,0.00,0.000,0.000,0.062,0.033,0.008,-0.08,0.05
default_gust,correction_off,0.20,2.249,5.624,0.00,0.00,0.000,0.000,0.065,0.033,0.008,-0.04,0.03
default_gust,correction_off,0.25,2.311,5.776,0.00,0.00,0.000,0.000,0.066,0.033,0.009,0.00,0.01
default_gust,correction_off,0.30,2.371,5.927,0.00,0.00,0.000,0.000,0.068,0.034,0.010,0.04,0.00
default_gust,correction_off,0.35,2.430,6.075,0.00,0.00,0.000,0.000,0.069,0.034,0.011,0.08,0.00
default_gust,correction_off,0.40,2.488,6.220,0.00,0.00,0.000,0.000,0.071,0.036,0.014,0.12,0.02
default_gust,correction_off,0.45,2.545,6.362,0.00,0.00,0.000,0.000,0.072,0.038,0.015,0.14,0.06
default_gust,correction_off,0.50,2.600,6.500,0.00,0.00,0.000,0.000,0.073,0.041,0.019,0.16,0.11
default_gust,correction_off,0.55,2.654,6.634,0.00,0.00,0.000,0.000,0.073,0.043,0.021,0.18,0.19
default_gust,correction_off,0.60,2.705,6.763,0.00,0.00,0.000,0.000,0.074,0.049,0.026,0.19,0.28
default_gust,correction_off,0.65,2.755,6.888,0.00,0.00,0.000,0.000,0.074,0.052,0.029,0.19,0.39
default_gust,correction_off,0.70,2.803,7.007,0.00,0.00,0.000,0.000,0.074,0.059,0.035,0.20,0.51
default_gust,correction_off,0.75,2.849,7.121,0.00,0.00,0.000,0.000,0.074,0.062,0.039,0.20,0.64
default_gust,correction_off,0.80,2.892,7.229,0.00,0.00,0.000,0.000,0.074,0.071,0.047,0.19,0.79
default_gust,correction_off,0.85,2.933,7.331,0.00,0.00,0.000,0.000,0.073,0.076,0.052,0.19,0.94
default_gust,correction_off,0.90,2.971,7.427,0.00,0.00,0.000,0.000,0.073,0.085,0.061,0.19,1.11
default_gust,correction_off,0.95,3.006,7.516,0.00,0.00,0.000,0.000,0.073,0.090,0.066,0.19,1.27
default_gust,correction_off,1.00,3.039,7.598,0.00,0.00,0.000,0.000,0.108,0.277,0.256,0.89,4.04
default_gust,correction_off,1.05,3.069,7.673,0.00,0.00,0.000,0.000,0.108,0.277,0.256,0.89,4.04
default_gust,correction_off,1.10,3.096,7.741,0.00,0.00,0.000,0.000,0.111,0.282,0.262,0.94,4.08
default_gust,correction_off,1.15,3.120,7.801,0.00,0.00,0.000,0.000,0.113,0.285,0.264,0.97,4.09
default_gust,correction_off,1.20,3.141,7.853,0.00,0.00,0.000,0.000,0.116,0.289,0.270,1.00,4.10
default_gust,correction_off,1.25,3.159,7.898,0.00,0.00,0.000,0.000,0.118,0.291,0.272,1.03,4.10
default_gust,correction_off,1.30,3.174,7.934,0.00,0.00,0.000,0.000,0.121,0.294,0.275,1.07,4.09
default_gust,correction_off,1.35,3.185,7.963,0.00,0.00,0.000,0.000,0.123,0.296,0.277,1.10,4.09
default_gust,correction_off,1.40,3.193,7.984,0.00,0.00,0.000,0.000,0.127,0.299,0.281,1.13,4.09
default_gust,correction_off,1.45,3.198,7.996,0.00,0.00,0.000,0.000,0.128,0.301,0.283,1.16,4.10
default_gust,correction_off,1.50,3.200,8.000,0.00,0.00,0.000,0.000,0.132,0.304,0.287,1.19,4.11
default_gust,correction_off,1.55,3.198,7.996,0.00,0.00,0.000,0.000,0.133,0.306,0.289,1.23,4.13
default_gust,correction_off,1.60,3.193,7.984,0.00,0.00,0.000,0.000,0.137,0.310,0.295,1.26,4.16
default_gust,correction_off,1.65,3.185,7.963,0.00,0.00,0.000,0.000,0.138,0.313,0.297,1.29,4.19
default_gust,correction_off,1.70,3.174,7.934,0.00,0.00,0.000,0.000,0.140,0.317,0.303,1.33,4.24
default_gust,correction_off,1.75,3.159,7.898,0.00,0.00,0.000,0.000,0.141,0.320,0.305,1.36,4.30
default_gust,correction_off,1.80,3.141,7.853,0.00,0.00,0.000,0.000,0.143,0.326,0.312,1.39,4.37
default_gust,correction_off,1.85,3.120,7.801,0.00,0.00,0.000,0.000,0.144,0.329,0.315,1.42,4.44
default_gust,correction_off,1.90,3.096,7.741,0.00,0.00,0.000,0.000,0.145,0.335,0.320,1.45,4.52
default_gust,correction_off,1.95,3.069,7.673,0.00,0.00,0.000,0.000,0.145,0.338,0.323,1.47,4.61
default_gust,correction_off,2.00,3.039,7.598,0.00,0.00,0.000,0.000,0.121,0.403,0.382,1.39,5.92
default_gust,correction_off,2.05,3.006,7.516,0.00,0.00,0.000,0.000,0.121,0.403,0.382,1.39,5.92
default_gust,correction_off,2.10,2.971,7.427,0.00,0.00,0.000,0.000,0.117,0.400,0.379,1.37,5.90
default_gust,correction_off,2.15,2.933,7.331,0.00,0.00,0.000,0.000,0.114,0.398,0.377,1.35,5.88
default_gust,correction_off,2.20,2.892,7.229,0.00,0.00,0.000,0.000,0.108,0.395,0.373,1.32,5.86
default_gust,correction_off,2.25,2.849,7.121,0.00,0.00,0.000,0.000,0.106,0.393,0.371,1.29,5.83
default_gust,correction_off,2.30,2.803,7.007,0.00,0.00,0.000,0.000,0.099,0.390,0.366,1.26,5.81
default_gust,correction_off,2.35,2.755,6.888,0.00,0.00,0.000,0.000,0.096,0.388,0.364,1.22,5.79
default_gust,correction_off,2.40,2.705,6.763,0.00,0.00,0.000,0.000,0.089,0.383,0.359,1.18,5.76
default_gust,correction_off,2.45,2.654,6.634,0.00,0.00,0.000,0.000,0.086,0.381,0.357,1.14,5.74
default_gust,correction_off,2.50,2.600,6.500,0.00,0.00,0.000,0.000,0.080,0.377,0.352,1.09,5.72
default_gust,correction_off,2.55,2.545,6.362,0.00,0.00,0.000,0.000,0.077,0.375,0.350,1.05,5.71
default_gust,correction_off,2.60,2.488,6.220,0.00,0.00,0.000,0.000,0.071,0.369,0.344,1.01,5.69
default_gust,correction_off,2.65,2.430,6.075,0.00,0.00,0.000,0.000,0.068,0.367,0.342,0.97,5.67
default_gust,correction_off,2.70,2.371,5.927,0.00,0.00,0.000,0.000,0.064,0.362,0.337,0.95,5.66
default_gust,correction_off,2.75,2.311,5.776,0.00,0.00,0.000,0.000,0.062,0.360,0.335,0.93,5.64
default_gust,correction_off,2.80,2.249,5.624,0.00,0.00,0.000,0.000,0.058,0.354,0.329,0.91,5.62
default_gust,correction_off,2.85,2.188,5.469,0.00,0.00,0.000,0.000,0.056,0.351,0.327,0.90,5.61
default_gust,correction_off,2.90,2.125,5.314,0.00,0.00,0.000,0.000,0.053,0.346,0.321,0.90,5.59
default_gust,correction_off,2.95,2.063,5.157,0.00,0.00,0.000,0.000,0.052,0.343,0.318,0.90,5.58
default_gust,correction_off,3.00,2.000,5.000,0.00,0.00,0.000,0.000,0.069,0.248,0.223,1.51,5.30
default_gust,correction_off,3.05,1.937,4.843,0.00,0.00,0.000,0.000,0.069,0.248,0.223,1.51,5.30
default_gust,correction_off,3.10,1.875,4.686,0.00,0.00,0.000,0.000,0.071,0.245,0.220,1.54,5.31
default_gust,correction_off,3.15,1.812,4.531,0.00,0.00,0.000,0.000,0.072,0.243,0.218,1.56,5.32
default_gust,correction_off,3.20,1.751,4.376,0.00,0.00,0.000,0.000,0.074,0.239,0.215,1.57,5.34
default_gust,correction_off,3.25,1.689,4.224,0.00,0.00,0.000,0.000,0.076,0.238,0.213,1.59,5.36
default_gust,correction_off,3.30,1.629,4.073,0.00,0.00,0.000,0.000,0.077,0.234,0.210,1.60,5.38
default_gust,correction_off,3.35,1.570,3.925,0.00,0.00,0.000,0.000,0.078,0.232,0.208,1.61,5.38
default_gust,correction_off,3.40,1.512,3.780,0.00,0.00,0.000,0.000,0.080,0.228,0.204,1.62,5.38
default_gust,correction_off,3.45,1.455,3.638,0.00,0.00,0.000,0.000,0.080,0.226,0.202,1.62,5.37
default_gust,correction_off,3.50,1.400,3.500,0.00,0.00,0.000,0.000,0.081,0.223,0.198,1.62,5.35
default_gust,correction_off,3.55,1.346,3.366,0.00,0.00,0.000,0.000,0.081,0.221,0.196,1.62,5.33
default_gust,correction_off,3.60,1.295,3.237,0.00,0.00,0.000,0.000,0.080,0.216,0.192,1.61,5.30
default_gust,correction_off,3.65,1.245,3.112,0.00,0.00,0.000,0.000,0.080,0.214,0.190,1.59,5.26
default_gust,correction_off,3.70,1.197,2.993,0.00,0.00,0.000,0.000,0.079,0.210,0.185,1.57,5.22
default_gust,correction_off,3.75,1.151,2.879,0.00,0.00,0.000,0.000,0.078,0.207,0.183,1.54,5.17
default_gust,correction_off,3.80,1.108,2.771,0.00,0.00,0.000,0.000,0.077,0.201,0.177,1.51,5.12
default_gust,correction_off,3.85,1.067,2.669,0.00,0.00,0.000,0.000,0.076,0.198,0.174,1.48,5.07
default_gust,correction_off,3.90,1.029,2.573,0.00,0.00,0.000,0.000,0.074,0.193,0.168,1.44,5.01
default_gust,correction_off,3.95,0.994,2.484,0.00,0.00,0.000,0.000,0.073,0.190,0.165,1.40,4.95
default_gust,correction_off,4.00,0.961,2.402,0.00,0.00,0.000,0.000,0.020,0.046,0.048,0.74,3.48
default_gust,correction_off,4.05,0.931,2.327,0.00,0.00,0.000,0.000,0.020,0.046,0.048,0.74,3.48
default_gust,correction_off,4.10,0.904,2.259,0.00,0.00,0.000,0.000,0.017,0.037,0.048,0.72,3.44
default_gust,correction_off,4.15,0.880,2.199,0.00,0.00,0.000,0.000,0.014,0.029,0.049,0.70,3.40
default_gust,correction_off,4.20,0.859,2.147,0.00,0.00,0.000,0.000,0.012,0.024,0.051,0.68,3.37
default_gust,correction_off,4.25,0.841,2.102,0.00,0.00,0.000,0.000,0.009,0.016,0.054,0.66,3.34
default_gust,correction_off,4.30,0.826,2.066,0.00,0.00,0.000,0.000,0.008,0.013,0.056,0.64,3.31
default_gust,correction_off,4.35,0.815,2.037,0.00,0.00,0.000,0.000,0.007,0.009,0.058,0.63,3.28
default_gust,correction_off,4.40,0.807,2.016,0.00,0.00,0.000,0.000,0.006,0.001,0.062,0.62,3.24
default_gust,correction_off,4.45,0.802,2.004,0.00,0.00,0.000,0.000,0.005,-0.006,0.065,0.62,3.20
default_gust,correction_off,4.50,0.800,2.000,0.00,0.00,0.000,0.000,0.005,-0.009,0.067,0.62,3.15
default_gust,correction_off,4.55,0.802,2.004,0.00,0.00,0.000,0.000,0.005,-0.012,0.069,0.62,3.10
default_gust,correction_off,4.60,0.807,2.016,0.00,0.00,0.000,0.000,0.005,-0.020,0.073,0.62,3.05
default_gust,correction_off,4.65,0.815,2.037,0.00,0.00,0.000,0.000,0.005,-0.023,0.075,0.63,3.00
default_gust,correction_off,4.70,0.826,2.066,0.00,0.00,0.000,0.000,0.006,-0.030,0.079,0.64,2.94
default_gust,correction_off,4.75,0.841,2.102,0.00,0.00,0.000,0.000,0.008,-0.036,0.082,0.65,2.88
default_gust,correction_off,4.80,0.859,2.147,0.00,0.00,0.000,0.000,0.009,-0.041,0.085,0.66,2.82
default_gust,correction_off,4.85,0.880,2.199,0.00,0.00,0.000,0.000,0.011,-0.047,0.089,0.67,2.75
default_gust,correction_off,4.90,0.904,2.259,0.00,0.00,0.000,0.000,0.012,-0.050,0.091,0.69,2.69
default_gust,correction_off,4.95,0.931,2.327,0.00,0.00,0.000,0.000,0.015,-0.058,0.096,0.70,2.62
default_gust,correction_off,5.00,0.961,2.402,0.00,0.00,0.000,0.000,0.051,-0.146,0.172,0.79,1.52
default_gust,correction_off,5.05,0.994,2.484,0.00,0.00,0.000,0.000,0.051,-0.146,0.172,0.79,1.52
default_gust,correction_off,5.10,1.029,2.573,0.00,0.00,0.000,0.000,0.052,-0.149,0.174,0.78,1.50
default_gust,correction_off,5.15,1.067,2.669,0.00,0.00,0.000,0.000,0.052,-0.151,0.177,0.76,1.49
default_gust,correction_off,5.20,1.108,2.771,0.00,0.00,0.000,0.000,0.052,-0.152,0.178,0.75,1.48
default_gust,correction_off,5.25,1.151,2.879,0.00,0.00,0.000,0.000,0.053,-0.153,0.179,0.73,1.47
default_gust,correction_off,5.30,1.197,2.993,0.00,0.00,0.000,0.000,0.054,-0.155,0.180,0.72,1.46
default_gust,correction_off,5.35,1.245,3.112,0.00,0.00,0.000,0.000,0.054,-0.156,0.181,0.71,1.46
default_gust,correction_off,5.40,1.295,3.237,0.00,0.00,0.000,0.000,0.054,-0.156,0.181,0.71,1.46
default_gust,correction_off,5.45,1.346,3.366,0.00,0.00,0.000,0.000,0.055,-0.156,0.182,0.71,1.46
default_gust,correction_off,5.50,1.400,3.500,0.00,0.00,0.000,0.000,0.055,-0.156,0.182,0.71,1.47
default_gust,correction_off,5.55,1.455,3.638,0.00,0.00,0.000,0.000,0.055,-0.156,0.181,0.70,1.47
default_gust,correction_off,5.60,1.512,3.780,0.00,0.00,0.000,0.000,0.054,-0.155,0.180,0.70,1.48
default_gust,correction_off,5.65,1.570,3.925,0.00,0.00,0.000,0.000,0.054,-0.154,0.179,0.70,1.49
default_gust,correction_off,5.70,1.629,4.073,0.00,0.00,0.000,0.000,0.053,-0.153,0.179,0.70,1.51
default_gust,correction_off,5.75,1.689,4.224,0.00,0.00,0.000,0.000,0.053,-0.152,0.177,0.69,1.52
default_gust,correction_off,5.80,1.751,4.376,0.00,0.00,0.000,0.000,0.052,-0.151,0.176,0.68,1.54
default_gust,correction_off,5.85,1.812,4.531,0.00,0.00,0.000,0.000,0.051,-0.148,0.174,0.67,1.56
default_gust,correction_off,5.90,1.875,4.686,0.00,0.00,0.000,0.000,0.050,-0.147,0.173,0.66,1.58
default_gust,correction_off,5.95,1.937,4.843,0.00,0.00,0.000,0.000,0.049,-0.145,0.170,0.65,1.60
default_gust,correction_off,6.00,2.000,5.000,0.00,0.00,0.000,0.000,0.048,-0.088,0.114,0.63,1.95
default_gust,correction_off,6.05,2.063,5.157,0.00,0.00,0.000,0.000,0.048,-0.088,0.114,0.63,1.95
default_gust,correction_off,6.10,2.125,5.314,0.00,0.00,0.000,0.000,0.048,-0.086,0.112,0.64,1.95
default_gust,correction_off,6.15,2.188,5.469,0.00,0.00,0.000,0.000,0.048,-0.084,0.110,0.64,1.95
default_gust,correction_off,6.20,2.249,5.624,0.00,0.00,0.000,0.000,0.048,-0.082,0.108,0.65,1.94
default_gust,correction_off,6.25,2.311,5.776,0.00,0.00,0.000,0.000,0.047,-0.079,0.105,0.65,1.93
default_gust,correction_off,6.30,2.371,5.927,0.00,0.00,0.000,0.000,0.046,-0.078,0.104,0.65,1.93
default_gust,correction_off,6.35,2.430,6.075,0.00,0.00,0.000,0.000,0.045,-0.074,0.101,0.64,1.93
default_gust,correction_off,6.40,2.488,6.220,0.00,0.00,0.000,0.000,0.045,-0.072,0.099,0.64,1.93
default_gust,correction_off,6.45,2.545,6.362,0.00,0.00,0.000,0.000,0.044,-0.068,0.095,0.63,1.95
default_gust,correction_off,6.50,2.600,6.500,0.00,0.00,0.000,0.000,0.044,-0.066,0.093,0.63,1.97
default_gust,correction_off,6.55,2.654,6.634,0.00,0.00,0.000,0.000,0.043,-0.063,0.090,0.62,2.01
default_gust,correction_off,6.60,2.705,6.763,0.00,0.00,0.000,0.000,0.044,-0.060,0.087,0.62,2.05
default_gust,correction_off,6.65,2.755,6.888,0.00,0.00,0.000,0.000,0.044,-0.055,0.082,0.62,2.10
default_gust,correction_off,6.70,2.803,7.007,0.00,0.00,0.000,0.000,0.044,-0.052,0.079,0.63,2.15
default_gust,correction_off,6.75,2.849,7.121,0.00,0.00,0.000,0.000,0.046,-0.046,0.074,0.65,2.21
default_gust,correction_off,6.80,2.892,7.229,0.00,0.00,0.000,0.000,0.047,-0.043,0.070,0.67,2.28
default_gust,correction_off,6.85,2.933,7.331,0.00,0.00,0.000,0.000,0.049,-0.036,0.063,0.69,2.35
default_gust,correction_off,6.90,2.971,7.427,0.00,0.00,0.000,0.000,0.050,-0.033,0.060,0.72,2.43
default_gust,correction_off,6.95,3.006,7.516,0.00,0.00,0.000,0.000,0.052,-0.026,0.052,0.76,2.50
default_gust,correction_off,7.00,3.039,7.598,0.00,0.00,0.000,0.000,0.109,0.085,0.076,1.52,3.78
default_gust,correction_off,7.05,3.069,7.673,0.00,0.00,0.000,0.000,0.109,0.085,0.076,1.52,3.78
default_gust,correction_off,7.10,3.096,7.741,0.00,0.00,0.000,0.000,0.110,0.087,0.078,1.53,3.81
default_gust,correction_off,7.15,3.120,7.801,0.00,0.00,0.000,0.000,0.111,0.092,0.082,1.54,3.82
default_gust,correction_off,7.20,3.141,7.853,0.00,0.00,0.000,0.000,0.112,0.094,0.085,1.54,3.83
default_gust,correction_off,7.25,3.159,7.898,0.00,0.00,0.000,0.000,0.112,0.099,0.088,1.53,3.84
default_gust,correction_off,7.30,3.174,7.934,0.00,0.00,0.000,0.000,0.112,0.101,0.090,1.52,3.85
default_gust,correction_off,7.35,3.185,7.963,0.00,0.00,0.000,0.000,0.112,0.105,0.094,1.51,3.86
default_gust,correction_off,7.40,3.193,7.984,0.00,0.00,0.000,0.000,0.111,0.108,0.096,1.50,3.89
default_gust,correction_off,7.45,3.198,7.996,0.00,0.00,0.000,0.000,0.111,0.113,0.100,1.49,3.91
default_gust,correction_off,7.50,3.200,8.000,0.00,0.00,0.000,0.000,0.110,0.115,0.102,1.47,3.95
default_gust,correction_off,7.55,3.198,7.996,0.00,0.00,0.000,0.000,0.109,0.121,0.107,1.46,3.99
default_gust,correction_off,7.60,3.193,7.984,0.00,0.00,0.000,0.000,0.108,0.125,0.110,1.45,4.05
default_gust,correction_off,7.65,3.185,7.963,0.00,0.00,0.000,0.000,0.107,0.131,0.115,1.45,4.11
default_gust,correction_off,7.70,3.174,7.934,0.00,0.00,0.000,0.000,0.106,0.134,0.117,1.44,4.18
default_gust,correction_off,7.75,3.159,7.898,0.00,0.00,0.000,0.000,0.105,0.140,0.122,1.43,4.26
default_gust,correction_off,7.80,3.141,7.853,0.00,0.00,0.000,0.000,0.104,0.143,0.125,1.43,4.34
default_gust,correction_off,7.85,3.120,7.801,0.00,0.00,0.000,0.000,0.103,0.149,0.130,1.42,4.42
default_gust,correction_off,7.90,3.096,7.741,0.00,0.00,0.000,0.000,0.102,0.152,0.133,1.42,4.51
default_gust,correction_off,7.95,3.069,7.673,0.00,0.00,0.000,0.000,0.102,0.157,0.138,1.42,4.59
default_gust,correction_off,8.00,3.039,7.598,0.00,0.00,0.000,0.000,0.090,0.233,0.209,1.67,5.70
default_gust,correction_off,8.05,3.006,7.516,0.00,0.00,0.000,0.000,0.090,0.233,0.209,1.67,5.70
default_gust,correction_off,8.10,2.971,7.427,0.00,0.00,0.000,0.000,0.088,0.235,0.211,1.66,5.73
default_gust,correction_off,8.15,2.933,7.331,0.00,0.00,0.000,0.000,0.085,0.238,0.214,1.64,5.77
default_gust,correction_off,8.20,2.892,7.229,0.00,0.00,0.000,0.000,0.082,0.240,0.216,1.62,5.80
default_gust,correction_off,8.25,2.849,7.121,0.00,0.00,0.000,0.000,0.079,0.244,0.219,1.60,5.83
default_gust,correction_off,8.30,2.803,7.007,0.00,0.00,0.000,0.000,0.077,0.245,0.220,1.58,5.86
default_gust,correction_off,8.35,2.755,6.888,0.00,0.00,0.000,0.000,0.073,0.248,0.223,1.56,5.89
default_gust,correction_off,8.40,2.705,6.763,0.00,0.00,0.000,0.000,0.070,0.249,0.224,1.54,5.91
default_gust,correction_off,8.45,2.654,6.634,0.00,0.00,0.000,0.000,0.067,0.251,0.226,1.52,5.93
default_gust,correction_off,8.50,2.600,6.500,0.00,0.00,0.000,0.000,0.065,0.251,0.226,1.50,5.94
default_gust,correction_off,8.55,2.545,6.362,0.00,0.00,0.000,0.000,0.062,0.252,0.227,1.49,5.96
default_gust,correction_off,8.60,2.488,6.220,0.00,0.00,0.000,0.000,0.060,0.253,0.228,1.47,5.96
default_gust,correction_off,8.65,2.430,6.075,0.00,0.00,0.000,0.000,0.057,0.253,0.228,1.45,5.97
default_gust,correction_off,8.70,2.371,5.927,0.00,0.00,0.000,0.000,0.056,0.253,0.228,1.44,5.97
default_gust,correction_off,8.75,2.311,5.776,0.00,0.00,0.000,0.000,0.054,0.252,0.227,1.44,5.97
default_gust,correction_off,8.80,2.249,5.624,0.00,0.00,0.000,0.000,0.052,0.252,0.227,1.43,5.96
default_gust,correction_off,8.85,2.188,5.469,0.00,0.00,0.000,0.000,0.050,0.251,0.226,1.43,5.95
default_gust,correction_off,8.90,2.125,5.314,0.00,0.00,0.000,0.000,0.049,0.250,0.226,1.43,5.94
default_gust,correction_off,8.95,2.063,5.157,0.00,0.00,0.000,0.000,0.046,0.249,0.225,1.43,5.93
default_gust,correction_off,9.00,2.000,5.000,0.00,0.00,0.000,0.000,0.027,0.182,0.161,1.48,5.43
default_gust,correction_off,9.05,1.937,4.843,0.00,0.00,0.000,0.000,0.027,0.182,0.161,1.48,5.43
default_gust,correction_off,9.10,1.875,4.686,0.00,0.00,0.000,0.000,0.028,0.179,0.158,1.51,5.39
default_gust,correction_off,9.15,1.812,4.531,0.00,0.00,0.000,0.000,0.030,0.173,0.152,1.55,5.37
default_gust,correction_off,9.20,1.751,4.376,0.00,0.00,0.000,0.000,0.031,0.170,0.148,1.58,5.35
default_gust,correction_off,9.25,1.689,4.224,0.00,0.00,0.000,0.000,0.032,0.164,0.143,1.61,5.33
default_gust,correction_off,9.30,1.629,4.073,0.00,0.00,0.000,0.000,0.032,0.162,0.140,1.63,5.31
default_gust,correction_off,9.35,1.570,3.925,0.00,0.00,0.000,0.000,0.033,0.156,0.135,1.65,5.29
default_gust,correction_off,9.40,1.512,3.780,0.00,0.00,0.000,0.000,0.034,0.153,0.131,1.67,5.26
default_gust,correction_off,9.45,1.455,3.638,0.00,0.00,0.000,0.000,0.035,0.147,0.126,1.68,5.23
default_gust,correction_off,9.50,1.400,3.500,0.00,0.00,0.000,0.000,0.035,0.144,0.123,1.68,5.20
default_gust,correction_off,9.55,1.346,3.366,0.00,0.00,0.000,0.000,0.036,0.138,0.116,1.68,5.16
default_gust,correction_off,9.60,1.295,3.237,0.00,0.00,0.000,0.000,0.037,0.134,0.112,1.68,5.11
default_gust,correction_off,9.65,1.245,3.112,0.00,0.00,0.000,0.000,0.038,0.128,0.106,1.67,5.06
default_gust,correction_off,9.70,1.197,2.993,0.00,0.00,0.000,0.000,0.038,0.125,0.102,1.66,5.00
default_gust,correction_off,9.75,1.151,2.879,0.00,0.00,0.000,0.000,0.039,0.118,0.096,1.65,4.94
default_gust,correction_off,9.80,1.108,2.771,0.00,0.00,0.000,0.000,0.040,0.113,0.091,1.64,4.87
default_gust,correction_off,9.85,1.067,2.669,0.00,0.00,0.000,0.000,0.040,0.105,0.084,1.63,4.81
default_gust,correction_off,9.90,1.029,2.573,0.00,0.00,0.000,0.000,0.040,0.102,0.080,1.62,4.74
default_gust,correction_off,9.95,0.994,2.484,0.00,0.00,0.000,0.000,0.040,0.094,0.072,1.61,4.67
default_gust,correction_off,10.00,0.961,2.402,0.00,0.00,0.000,0.000,0.020,-0.028,0.068,1.18,3.48
default_gust,correction_off,10.05,0.931,2.327,0.00,0.00,0.000,0.000,0.020,-0.028,0.068,1.18,3.48
default_gust,correction_off,10.10,0.904,2.259,0.00,0.00,0.000,0.000,0.020,-0.031,0.071,1.17,3.45
default_gust,correction_off,10.15,0.880,2.199,0.00,0.00,0.000,0.000,0.020,-0.036,0.075,1.17,3.43
default_gust,correction_off,10.20,0.859,2.147,0.00,0.00,0.000,0.000,0.020,-0.039,0.077,1.17,3.41
default_gust,correction_off,10.25,0.841,2.102,0.00,0.00,0.000,0.000,0.020,-0.044,0.081,1.17,3.40
default_gust,correction_off,10.30,0.826,2.066,0.00,0.00,0.000,0.000,0.020,-0.047,0.083,1.17,3.38
default_gust,correction_off,10.35,0.815,2.037,0.00,0.00,0.000,0.000,0.020,-0.051,0.087,1.18,3.36
default_gust,correction_off,10.40,0.807,2.016,0.00,0.00,0.000,0.000,0.021,-0.054,0.090,1.18,3.34
default_gust,correction_off,10.45,0.802,2.004,0.00,0.00,0.000,0.000,0.021,-0.059,0.093,1.19,3.31
default_gust,correction_off,10.50,0.800,2.000,0.00,0.00,0.000,0.000,0.022,-0.061,0.095,1.19,3.27
default_gust,correction_off,10.55,0.802,2.004,0.00,0.00,0.000,0.000,0.023,-0.065,0.099,1.19,3.23
default_gust,correction_off,10.60,0.807,2.016,0.00,0.00,0.000,0.000,0.023,-0.068,0.101,1.19,3.18
default_gust,correction_off,10.65,0.815,2.037,0.00,0.00,0.000,0.000,0.025,-0.073,0.105,1.19,3.13
default_gust,correction_off,10.70,0.826,2.066,0.00,0.00,0.000,0.000,0.025,-0.075,0.107,1.19,3.07
default_gust,correction_off,10.75,0.841,2.102,0.00,0.00,0.000,0.000,0.027,-0.079,0.111,1.19,3.02
default_gust,correction_off,10.80,0.859,2.147,0.00,0.00,0.000,0.000,0.027,-0.082,0.113,1.19,2.96
default_gust,correction_off,10.85,0.880,2.199,0.00,0.00,0.000,0.000,0.029,-0.087,0.118,1.19,2.90
default_gust,correction_off,10.90,0.904,2.259,0.00,0.00,0.000,0.000,0.029,-0.090,0.120,1.19,2.83
default_gust,correction_off,10.95,0.931,2.327,0.00,0.00,0.000,0.000,0.030,-0.096,0.125,1.19,2.77
default_gust,correction_off,11.00,0.961,2.402,0.00,0.00,0.000,0.000,0.018,-0.180,0.210,0.72,1.55
default_gust,correction_off,11.05,0.994,2.484,0.00,0.00,0.000,0.000,0.018,-0.180,0.210,0.72,1.55
default_gust,correction_off,11.10,1.029,2.573,0.00,0.00,0.000,0.000,0.018,-0.180,0.210,0.71,1.54
default_gust,correction_off,11.15,1.067,2.669,0.00,0.00,0.000,0.000,0.017,-0.181,0.211,0.69,1.54
default_gust,correction_off,11.20,1.108,2.771,0.00,0.00,0.000,0.000,0.017,-0.182,0.212,0.68,1.54
default_gust,correction_off,11.25,1.151,2.879,0.00,0.00,0.000,0.000,0.017,-0.182,0.212,0.68,1.55
default_gust,correction_off,11.30,1.197,2.993,0.00,0.00,0.000,0.000,0.017,-0.182,0.212,0.68,1.55
default_gust,correction_off,11.35,1.245,3.112,0.00,0.00,0.000,0.000,0.018,-0.181,0.211,0.68,1.56
default_gust,correction_off,11.40,1.295,3.237,0.00,0.00,0.000,0.000,0.019,-0.180,0.210,0.68,1.57
default_gust,correction_off,11.45,1.346,3.366,0.00,0.00,0.000,0.000,0.020,-0.179,0.208,0.69,1.58
default_gust,correction_off,11.50,1.400,3.500,0.00,0.00,0.000,0.000,0.021,-0.178,0.207,0.71,1.59
default_gust,correction_off,11.55,1.455,3.638,0.00,0.00,0.000,0.000,0.024,-0.175,0.204,0.73,1.61
default_gust,correction_off,11.60,1.512,3.780,0.00,0.00,0.000,0.000,0.025,-0.174,0.202,0.75,1.62
default_gust,correction_off,11.65,1.570,3.925,0.00,0.00,0.000,0.000,0.027,-0.171,0.200,0.78,1.64
default_gust,correction_off,11.70,1.629,4.073,0.00,0.00,0.000,0.000,0.027,-0.170,0.198,0.81,1.66
default_gust,correction_off,11.75,1.689,4.224,0.00,0.00,0.000,0.000,0.029,-0.168,0.196,0.83,1.68
default_gust,correction_off,11.80,1.751,4.376,0.00,0.00,0.000,0.000,0.029,-0.166,0.194,0.85,1.70
default_gust,correction_off,11.85,1.812,4.531,0.00,0.00,0.000,0.000,0.031,-0.164,0.191,0.87,1.72
default_gust,correction_off,11.90,1.875,4.686,0.00,0.00,0.000,0.000,0.031,-0.162,0.190,0.89,1.73
default_gust,correction_off,11.95,1.937,4.843,0.00,0.00,0.000,0.000,0.032,-0.160,0.188,0.89,1.75
default_gust,correction_off,12.00,2.000,5.000,0.00,0.00,0.000,0.000,0.044,-0.141,0.168,0.86,1.65
default_gust,correction_off,12.05,2.063,5.157,0.00,0.00,0.000,0.000,0.044,-0.141,0.168,0.86,1.65
default_gust,correction_off,12.10,2.125,5.314,0.00,0.00,0.000,0.000,0.044,-0.141,0.167,0.85,1.64
default_gust,correction_off,12.15,2.188,5.469,0.00,0.00,0.000,0.000,0.044,-0.141,0.167,0.85,1.63
default_gust,correction_off,12.20,2.249,5.624,0.00,0.00,0.000,0.000,0.044,-0.140,0.166,0.84,1.62
default_gust,correction_off,12.25,2.311,5.776,0.00,0.00,0.000,0.000,0.044,-0.139,0.165,0.83,1.60
default_gust,correction_off,12.30,2.371,5.927,0.00,0.00,0.000,0.000,0.044,-0.139,0.165,0.83,1.59
default_gust,correction_off,12.35,2.430,6.075,0.00,0.00,0.000,0.000,0.045,-0.137,0.163,0.83,1.58
default_gust,correction_off,12.40,2.488,6.220,0.00,0.00,0.000,0.000,0.045,-0.136,0.162,0.83,1.59
default_gust,correction_off,12.45,2.545,6.362,0.00,0.00,0.000,0.000,0.045,-0.133,0.159,0.83,1.60
default_gust,correction_off,12.50,2.600,6.500,0.00,0.00,0.000,0.000,0.045,-0.132,0.158,0.84,1.62
default_gust,correction_off,12.55,2.654,6.634,0.00,0.00,0.000,0.000,0.046,-0.128,0.154,0.85,1.66
default_gust,correction_off,12.60,2.705,6.763,0.00,0.00,0.000,0.000,0.046,-0.125,0.151,0.86,1.70
default_gust,correction_off,12.65,2.755,6.888,0.00,0.00,0.000,0.000,0.046,-0.119,0.145,0.88,1.76
default_gust,correction_off,12.70,2.803,7.007,0.00,0.00,0.000,0.000,0.047,-0.116,0.142,0.90,1.82
default_gust,correction_off,12.75,2.849,7.121,0.00,0.00,0.000,0.000,0.048,-0.109,0.135,0.92,1.90
default_gust,correction_off,12.80,2.892,7.229,0.00,0.00,0.000,0.000,0.049,-0.104,0.130,0.94,1.98
default_gust,correction_off,12.85,2.933,7.331,0.00,0.00,0.000,0.000,0.050,-0.095,0.121,0.97,2.07
default_gust,correction_off,12.90,2.971,7.427,0.00,0.00,0.000,0.000,0.051,-0.091,0.116,1.00,2.17
default_gust,correction_off,12.95,3.006,7.516,0.00,0.00,0.000,0.000,0.053,-0.081,0.107,1.03,2.27
default_gust,correction_off,13.00,3.039,7.598,0.00,0.00,0.000,0.000,0.096,0.073,0.058,1.68,3.92
default_gust,correction_off,13.05,3.069,7.673,0.00,0.00,0.000,0.000,0.096,0.073,0.058,1.68,3.92
default_gust,correction_off,13.10,3.096,7.741,0.00,0.00,0.000,0.000,0.097,0.076,0.061,1.68,3.95
default_gust,correction_off,13.15,3.120,7.801,0.00,0.00,0.000,0.000,0.097,0.082,0.066,1.68,3.97
default_gust,correction_off,13.20,3.141,7.853,0.00,0.00,0.000,0.000,0.096,0.086,0.069,1.67,3.98
default_gust,correction_off,13.25,3.159,7.898,0.00,0.00,0.000,0.000,0.096,0.092,0.075,1.66,3.99
default_gust,correction_off,13.30,3.174,7.934,0.00,0.00,0.000,0.000,0.096,0.095,0.077,1.65,4.00
default_gust,correction_off,13.35,3.185,7.963,0.00,0.00,0.000,0.000,0.096,0.100,0.082,1.65,4.02
default_gust,correction_off,13.40,3.193,7.984,0.00,0.00,0.000,0.000,0.096,0.104,0.086,1.64,4.04
default_gust,correction_off,13.45,3.198,7.996,0.00,0.00,0.000,0.000,0.096,0.110,0.091,1.64,4.07
default_gust,correction_off,13.50,3.200,8.000,0.00,0.00,0.000,0.000,0.096,0.113,0.094,1.64,4.11
default_gust,correction_off,13.55,3.198,7.996,0.00,0.00,0.000,0.000,0.096,0.119,0.100,1.64,4.15
default_gust,correction_off,13.60,3.193,7.984,0.00,0.00,0.000,0.000,0.097,0.123,0.103,1.65,4.20
default_gust,correction_off,13.65,3.185,7.963,0.00,0.00,0.000,0.000,0.097,0.129,0.109,1.66,4.25
default_gust,correction_off,13.70,3.174,7.934,0.00,0.00,0.000,0.000,0.097,0.132,0.112,1.67,4.32
default_gust,correction_off,13.75,3.159,7.898,0.00,0.00,0.000,0.000,0.098,0.138,0.118,1.68,4.38
default_gust,correction_off,13.80,3.141,7.853,0.00,0.00,0.000,0.000,0.098,0.142,0.122,1.70,4.45
default_gust,correction_off,13.85,3.120,7.801,0.00,0.00,0.000,0.000,0.099,0.148,0.128,1.72,4.52
default_gust,correction_off,13.90,3.096,7.741,0.00,0.00,0.000,0.000,0.100,0.151,0.131,1.74,4.59
default_gust,correction_off,13.95,3.069,7.673,0.00,0.00,0.000,0.000,0.101,0.157,0.138,1.77,4.66
default_gust,correction_off,14.00,3.039,7.598,0.00,0.00,0.000,0.000,0.112,0.231,0.212,2.14,5.64
default_gust,correction_off,14.05,3.006,7.516,0.00,0.00,0.000,0.000,0.112,0.231,0.212,2.14,5.64
default_gust,correction_off,14.10,2.971,7.427,0.00,0.00,0.000,0.000,0.112,0.232,0.213,2.14,5.66
default_gust,correction_off,14.15,2.933,7.331,0.00,0.00,0.000,0.000,0.109,0.233,0.214,2.14,5.67
default_gust,correction_off,14.20,2.892,7.229,0.00,0.00,0.000,0.000,0.108,0.234,0.214,2.13,5.69
default_gust,correction_off,14.25,2.849,7.121,0.00,0.00,0.000,0.000,0.105,0.234,0.214,2.11,5.70
default_gust,correction_off,14.30,2.803,7.007,0.00,0.00,0.000,0.000,0.104,0.234,0.213,2.09,5.71
default_gust,correction_off,14.35,2.755,6.888,0.00,0.00,0.000,0.000,0.101,0.234,0.213,2.08,5.71
default_gust,correction_off,14.40,2.705,6.763,0.00,0.00,0.000,0.000,0.099,0.234,0.212,2.05,5.71
default_gust,correction_off,14.45,2.654,6.634,0.00,0.00,0.000,0.000,0.097,0.233,0.210,2.03,5.71
default_gust,correction_off,14.50,2.600,6.500,0.00,0.00,0.000,0.000,0.095,0.232,0.210,2.00,5.70
default_gust,correction_off,14.55,2.545,6.362,0.00,0.00,0.000,0.000,0.092,0.231,0.208,1.98,5.69
default_gust,correction_off,14.60,2.488,6.220,0.00,0.00,0.000,0.000,0.091,0.230,0.207,1.96,5.68
default_gust,correction_off,14.65,2.430,6.075,0.00,0.00,0.000,0.000,0.088,0.228,0.205,1.94,5.67
default_gust,correction_off,14.70,2.371,5.927,0.00,0.00,0.000,0.000,0.086,0.227,0.204,1.92,5.66
default_gust,correction_off,14.75,2.311,5.776,0.00,0.00,0.000,0.000,0.083,0.225,0.201,1.90,5.65
default_gust,correction_off,14.80,2.249,5.624,0.00,0.00,0.000,0.000,0.082,0.224,0.200,1.88,5.64
default_gust,correction_off,14.85,2.188,5.469,0.00,0.00,0.000,0.000,0.079,0.221,0.197,1.86,5.63
default_gust,correction_off,14.90,2.125,5.314,0.00,0.00,0.000,0.000,0.078,0.220,0.196,1.85,5.62
default_gust,correction_off,14.95,2.063,5.157,0.00,0.00,0.000,0.000,0.075,0.217,0.193,1.84,5.60
default_gust,correction_off,15.00,2.000,5.000,0.00,0.00,0.000,0.000,0.062,0.157,0.132,2.00,5.28
default_gust,correction_off,15.05,1.937,4.843,0.00,0.00,0.000,0.000,0.062,0.157,0.132,2.00,5.28
default_gust,correction_off,15.10,1.875,4.686,0.00,0.00,0.000,0.000,0.063,0.156,0.131,2.03,5.28
default_gust,correction_off,15.15,1.812,4.531,0.00,0.00,0.000,0.000,0.064,0.154,0.129,2.07,5.28
default_gust,correction_off,15.20,1.751,4.376,0.00,0.00,0.000,0.000,0.065,0.152,0.127,2.10,5.29
default_gust,correction_off,15.25,1.689,4.224,0.00,0.00,0.000,0.000,0.067,0.150,0.125,2.13,5.30
default_gust,correction_off,15.30,1.629,4.073,0.00,0.00,0.000,0.000,0.068,0.149,0.124,2.17,5.31
default_gust,correction_off,15.35,1.570,3.925,0.00,0.00,0.000,0.000,0.069,0.147,0.122,2.19,5.32
default_gust,correction_off,15.40,1.512,3.780,0.00,0.00,0.000,0.000,0.070,0.145,0.120,2.21,5.31
default_gust,correction_off,15.45,1.455,3.638,0.00,0.00,0.000,0.000,0.071,0.141,0.117,2.23,5.30
default_gust,correction_off,15.50,1.400,3.500,0.00,0.00,0.000,0.000,0.071,0.139,0.115,2.24,5.28
default_gust,correction_off,15.55,1.346,3.366,0.00,0.00,0.000,0.000,0.071,0.135,0.110,2.25,5.25
default_gust,correction_off,15.60,1.295,3.237,0.00,0.00,0.000,0.000,0.071,0.132,0.107,2.24,5.21
default_gust,correction_off,15.65,1.245,3.112,0.00,0.00,0.000,0.000,0.071,0.126,0.101,2.23,5.16
default_gust,correction_off,15.70,1.197,2.993,0.00,0.00,0.000,0.000,0.070,0.123,0.098,2.21,5.10
default_gust,correction_off,15.75,1.151,2.879,0.00,0.00,0.000,0.000,0.069,0.117,0.093,2.19,5.04
default_gust,correction_off,15.80,1.108,2.771,0.00,0.00,0.000,0.000,0.068,0.114,0.089,2.17,4.96
default_gust,correction_off,15.85,1.067,2.669,0.00,0.00,0.000,0.000,0.066,0.108,0.083,2.13,4.89
default_gust,correction_off,15.90,1.029,2.573,0.00,0.00,0.000,0.000,0.065,0.104,0.079,2.10,4.81
default_gust,correction_off,15.95,0.994,2.484,0.00,0.00,0.000,0.000,0.062,0.098,0.073,2.06,4.73
default_gust,correction_off,16.00,0.961,2.402,0.00,0.00,0.000,0.000,0.044,-0.014,0.043,1.62,3.47
default_gust,correction_off,16.05,0.931,2.327,0.00,0.00,0.000,0.000,0.044,-0.014,0.043,1.62,3.47
default_gust,correction_off,16.10,0.904,2.259,0.00,0.00,0.000,0.000,0.044,-0.017,0.046,1.64,3.43
default_gust,correction_off,16.15,0.880,2.199,0.00,0.00,0.000,0.000,0.045,-0.023,0.051,1.66,3.41
default_gust,correction_off,16.20,0.859,2.147,0.00,0.00,0.000,0.000,0.045,-0.026,0.054,1.68,3.39
default_gust,correction_off,16.25,0.841,2.102,0.00,0.00,0.000,0.000,0.045,-0.031,0.059,1.69,3.37
default_gust,correction_off,16.30,0.826,2.066,0.00,0.00,0.000,0.000,0.044,-0.033,0.061,1.70,3.34
default_gust,correction_off,16.35,0.815,2.037,0.00,0.00,0.000,0.000,0.044,-0.038,0.066,1.70,3.32
default_gust,correction_off,16.40,0.807,2.016,0.00,0.00,0.000,0.000,0.044,-0.041,0.068,1.69,3.29
default_gust,correction_off,16.45,0.802,2.004,0.00,0.00,0.000,0.000,0.043,-0.045,0.073,1.68,3.26
default_gust,correction_off,16.50,0.800,2.000,0.00,0.00,0.000,0.000,0.043,-0.047,0.075,1.66,3.22
default_gust,correction_off,16.55,0.802,2.004,0.00,0.00,0.000,0.000,0.042,-0.051,0.079,1.64,3.18
default_gust,correction_off,16.60,0.807,2.016,0.00,0.00,0.000,0.000,0.041,-0.054,0.082,1.62,3.13
default_gust,correction_off,16.65,0.815,2.037,0.00,0.00,0.000,0.000,0.040,-0.058,0.086,1.59,3.09
default_gust,correction_off,16.70,0.826,2.066,0.00,0.00,0.000,0.000,0.040,-0.060,0.088,1.57,3.04
default_gust,correction_off,16.75,0.841,2.102,0.00,0.00,0.000,0.000,0.039,-0.064,0.092,1.54,2.99
default_gust,correction_off,16.80,0.859,2.147,0.00,0.00,0.000,0.000,0.038,-0.067,0.095,1.51,2.93
default_gust,correction_off,16.85,0.880,2.199,0.00,0.00,0.000,0.000,0.037,-0.071,0.100,1.48,2.87
default_gust,correction_off,16.90,0.904,2.259,0.00,0.00,0.000,0.000,0.037,-0.073,0.102,1.45,2.82
default_gust,correction_off,16.95,0.931,2.327,0.00,0.00,0.000,0.000,0.035,-0.078,0.107,1.42,2.76
default_gust,correction_off,17.00,0.961,2.402,0.00,0.00,0.000,0.000,0.017,-0.153,0.184,1.01,1.62
default_gust,correction_off,17.05,0.994,2.484,0.00,0.00,0.000,0.000,0.017,-0.153,0.184,1.01,1.62
default_gust,correction_off,17.10,1.029,2.573,0.00,0.00,0.000,0.000,0.017,-0.154,0.184,1.01,1.61
default_gust,correction_off,17.15,1.067,2.669,0.00,0.00,0.000,0.000,0.016,-0.154,0.185,1.01,1.61
default_gust,correction_off,17.20,1.108,2.771,0.00,0.00,0.000,0.000,0.016,-0.154,0.185,1.00,1.61
default_gust,correction_off,17.25,1.151,2.879,0.00,0.00,0.000,0.000,0.015,-0.154,0.185,1.00,1.61
default_gust,correction_off,17.30,1.197,2.993,0.00,0.00,0.000,0.000,0.015,-0.154,0.185,0.99,1.61
default_gust,correction_off,17.35,1.245,3.112,0.00,0.00,0.000,0.000,0.015,-0.154,0.185,0.99,1.62
default_gust,correction_off,17.40,1.295,3.237,0.00,0.00,0.000,0.000,0.014,-0.154,0.185,0.99,1.63
default_gust,correction_off,17.45,1.346,3.366,0.00,0.00,0.000,0.000,0.014,-0.154,0.185,0.99,1.64
default_gust,correction_off,17.50,1.400,3.500,0.00,0.00,0.000,0.000,0.013,-0.153,0.185,0.99,1.65
default_gust,correction_off,17.55,1.455,3.638,0.00,0.00,0.000,0.000,0.013,-0.153,0.185,0.98,1.65
default_gust,correction_off,17.60,1.512,3.780,0.00,0.00,0.000,0.000,0.014,-0.153,0.185,0.98,1.66
default_gust,correction_off,17.65,1.570,3.925,0.00,0.00,0.000,0.000,0.014,-0.154,0.185,0.98,1.66
default_gust,correction_off,17.70,1.629,4.073,0.00,0.00,0.000,0.000,0.014,-0.154,0.185,0.98,1.66
default_gust,correction_off,17.75,1.689,4.224,0.00,0.00,0.000,0.000,0.015,-0.154,0.185,0.98,1.66
default_gust,correction_off,17.80,1.751,4.376,0.00,0.00,0.000,0.000,0.015,-0.154,0.185,0.99,1.65
default_gust,correction_off,17.85,1.812,4.531,0.00,0.00,0.000,0.000,0.016,-0.154,0.185,0.99,1.64
default_gust,correction_off,17.90,1.875,4.686,0.00,0.00,0.000,0.000,0.016,-0.154,0.185,1.00,1.63
default_gust,correction_off,17.95,1.937,4.843,0.00,0.00,0.000,0.000,0.017,-0.154,0.184,1.00,1.62
default_gust,correction_on,0.00,2.000,5.000,0.00,0.00,0.000,0.000,0.082,-0.058,0.023,0.47,0.08
default_gust,correction_on,0.05,2.063,5.157,0.00,0.00,0.000,0.000,0.082,-0.058,0.023,0.47,0.08
default_gust,correction_on,0.10,2.125,5.314,0.00,0.00,0.000,0.000,0.081,-0.060,0.024,0.44,0.04
default_gust,correction_on,0.15,2.188,5.469,0.00,0.00,0.000,0.000,0.078,-0.063,0.026,0.41,-0.01
default_gust,correction_on,0.20,2.249,5.624,0.00,0.00,0.000,0.000,0.076,-0.065,0.027,0.38,-0.05
default_gust,correction_on,0.25,2.311,5.776,0.00,0.00,0.000,0.000,0.074,-0.067,0.029,0.35,-0.10
default_gust,correction_on,0.30,2.371,5.927,0.00,0.00,0.000,0.000,0.073,-0.068,0.030,0.32,-0.13
default_gust,correction_on,0.35,2.430,6.075,0.00,0.00,0.000,0.000,0.071,-0.069,0.031,0.29,-0.15
default_gust,correction_on,0.40,2.488,6.220,0.00,0.00,0.000,0.000,0.070,-0.069,0.031,0.27,-0.15
default_gust,correction_on,0.45,2.545,6.362,0.00,0.00,0.000,0.000,0.068,-0.069,0.031,0.24,-0.12
default_gust,correction_on,0.50,2.600,6.500,0.00,0.00,0.000,0.000,0.067,-0.068,0.031,0.23,-0.08
default_gust,correction_on,0.55,2.654,6.634,0.00,0.00,0.000,0.000,0.066,-0.066,0.029,0.21,-0.01
default_gust,correction_on,0.60,2.705,6.763,0.00,0.00,0.000,0.000,0.066,-0.064,0.027,0.20,0.06
default_gust,correction_on,0.65,2.755,6.888,0.00,0.00,0.000,0.000,0.065,-0.060,0.023,0.20,0.17
default_gust,correction_on,0.70,2.803,7.007,0.00,0.00,0.000,0.000,0.065,-0.057,0.020,0.20,0.28
default_gust,correction_on,0.75,2.849,7.121,0.00,0.00,0.000,0.000,0.065,-0.051,0.014,0.20,0.41
default_gust,correction_on,0.80,2.892,7.229,0.00,0.00,0.000,0.000,0.065,-0.046,0.010,0.21,0.55
default_gust,correction_on,0.85,2.933,7.331,0.00,0.00,0.000,0.000,0.066,-0.037,0.006,0.23,0.71
default_gust,correction_on,0.90,2.971,7.427,0.00,0.00,0.000,0.000,0.066,-0.032,0.008,0.25,0.87
default_gust,correction_on,0.95,3.006,7.516,1.13,2.31,-0.170,-0.346,0.067,-0.022,0.016,0.28,1.04
default_gust,correction_on,1.00,3.039,7.598,1.10,2.24,-0.164,-0.336,0.058,0.100,0.138,1.13,4.10
default_gust,correction_on,1.05,3.069,7.673,1.00,2.11,-0.150,-0.316,0.058,0.100,0.138,1.13,4.10
default_gust,correction_on,1.10,3.096,7.741,0.89,1.98,-0.133,-0.298,0.056,0.099,0.137,1.09,4.05
default_gust,correction_on,1.15,3.120,7.801,0.77,1.87,-0.116,-0.280,0.052,0.096,0.135,1.05,3.98
default_gust,correction_on,1.20,3.141,7.853,0.68,1.80,-0.103,-0.270,0.050,0.094,0.134,1.00,3.90
default_gust,correction_on,1.25,3.159,7.898,0.63,1.79,-0.094,-0.269,0.045,0.091,0.131,0.93,3.79
default_gust,correction_on,1.30,3.174,7.934,0.61,1.83,-0.091,-0.275,0.043,0.089,0.130,0.86,3.69
default_gust,correction_on,1.35,3.185,7.963,0.60,1.90,-0.090,-0.284,0.039,0.085,0.128,0.76,3.58
default_gust,correction_on,1.40,3.193,7.984,0.60,1.97,-0.090,-0.296,0.036,0.084,0.127,0.67,3.49
default_gust,correction_on,1.45,3.198,7.996,0.62,2.05,-0.093,-0.308,0.032,0.081,0.125,0.58,3.42
default_gust,correction_on,1.50,3.200,8.000,0.65,2.13,-0.097,-0.320,0.030,0.080,0.125,0.51,3.39
default_gust,correction_on,1.55,3.198,7.996,0.69,2.22,-0.104,-0.334,0.027,0.079,0.125,0.46,3.39
default_gust,correction_on,1.60,3.193,7.984,0.75,2.34,-0.112,-0.351,0.026,0.079,0.126,0.44,3.43
default_gust,correction_on,1.65,3.185,7.963,0.82,2.49,-0.124,-0.373,0.025,0.080,0.127,0.44,3.51
default_gust,correction_on,1.70,3.174,7.934,0.91,2.67,-0.137,-0.400,0.024,0.081,0.128,0.46,3.60
default_gust,correction_on,1.75,3.159,7.898,1.00,2.88,-0.150,-0.432,0.025,0.084,0.130,0.52,3.72
default_gust,correction_on,1.80,3.141,7.853,1.08,3.12,-0.162,-0.469,0.025,0.086,0.132,0.59,3.85
default_gust,correction_on,1.85,3.120,7.801,1.17,3.37,-0.176,-0.505,0.027,0.090,0.136,0.70,4.04
default_gust,correction_on,1.90,3.096,7.741,1.26,3.61,-0.189,-0.541,0.029,0.093,0.137,0.81,4.20
default_gust,correction_on,1.95,3.069,7.673,1.37,3.86,-0.206,-0.579,0.032,0.098,0.141,0.96,4.42
default_gust,correction_on,2.00,3.039,7.598,1.46,4.07,-0.218,-0.611,0.080,0.088,0.126,2.00,5.32
default_gust,correction_on,2.05,3.006,7.516,1.50,4.09,-0.225,-0.614,0.080,0.088,0.126,2.00,5.32
default_gust,correction_on,2.10,2.971,7.427,1.53,4.08,-0.230,-0.612,0.079,0.086,0.124,1.96,5.29
default_gust,correction_on,2.15,2.933,7.331,1.54,4.05,-0.231,-0.607,0.077,0.082,0.120,1.92,5.27
default_gust,correction_on,2.20,2.892,7.229,1.54,4.07,-0.231,-0.610,0.076,0.081,0.119,1.89,5.26
default_gust,correction_on,2.25,2.849,7.121,1.53,4.14,-0.230,-0.620,0.074,0.078,0.116,1.88,5.27
default_gust,correction_on,2.30,2.803,7.007,1.52,4.22,-0.228,-0.633,0.073,0.077,0.115,1.87,5.29
default_gust,correction_on,2.35,2.755,6.888,1.51,4.29,-0.226,-0.643,0.072,0.075,0.113,1.87,5.30
default_gust,correction_on,2.40,2.705,6.763,1.48,4.31,-0.223,-0.647,0.071,0.074,0.112,1.86,5.32
default_gust,correction_on,2.45,2.654,6.634,1.46,4.31,-0.219,-0.646,0.070,0.072,0.110,1.86,5.36
default_gust,correction_on,2.50,2.600,6.500,1.43,4.27,-0.214,-0.641,0.069,0.072,0.110,1.85,5.40
default_gust,correction_on,2.55,2.545,6.362,1.40,4.23,-0.210,-0.634,0.067,0.071,0.109,1.85,5.44
default_gust,correction_on,2.60,2.488,6.220,1.36,4.17,-0.204,-0.625,0.066,0.070,0.108,1.84,5.49
default_gust,correction_on,2.65,2.430,6.075,1.31,4.10,-0.196,-0.615,0.064,0.070,0.108,1.82,5.53
default_gust,correction_on,2.70,2.371,5.927,1.24,4.02,-0.186,-0.604,0.063,0.069,0.107,1.80,5.55
default_gust,correction_on,2.75,2.311,5.776,1.16,3.94,-0.174,-0.592,0.061,0.068,0.107,1.77,5.56
default_gust,correction_on,2.80,2.249,5.624,1.08,3.86,-0.162,-0.580,0.059,0.067,0.106,1.74,5.55
default_gust,correction_on,2.85,2.188,5.469,1.00,3.79,-0.150,-0.569,0.056,0.066,0.105,1.69,5.54
default_gust,correction_on,2.90,2.125,5.314,0.93,3.75,-0.139,-0.562,0.054,0.066,0.105,1.64,5.51
default_gust,correction_on,2.95,2.063,5.157,0.87,3.75,-0.130,-0.563,0.051,0.065,0.105,1.58,5.48
default_gust,correction_on,3.00,2.000,5.000,0.92,3.79,-0.138,-0.569,0.031,0.036,0.084,1.59,5.43
default_gust,correction_on,3.05,1.937,4.843,1.04,3.83,-0.156,-0.575,0.031,0.036,0.084,1.59,5.43
default_gust,correction_on,3.10,1.875,4.686,1.18,3.87,-0.177,-0.581,0.033,0.035,0.082,1.64,5.43
default_gust,correction_on,3.15,1.812,4.531,1.33,3.90,-0.200,-0.586,0.037,0.031,0.078,1.68,5.42
default_gust,correction_on,3.20,1.751,4.376,1.48,3.94,-0.221,-0.590,0.039,0.030,0.075,1.74,5.42
default_gust,correction_on,3.25,1.689,4.224,1.61,3.96,-0.241,-0.595,0.043,0.026,0.070,1.82,5.43
default_gust,correction_on,3.30,1.629,4.073,1.72,3.99,-0.258,-0.598,0.045,0.025,0.068,1.92,5.43
default_gust,correction_on,3.35,1.570,3.925,1.82,4.00,-0.272,-0.600,0.049,0.021,0.063,2.04,5.43
default_gust,correction_on,3.40,1.512,3.780,1.90,4.01,-0.285,-0.602,0.051,0.019,0.060,2.16,5.42
default_gust,correction_on,3.45,1.455,3.638,1.97,4.01,-0.295,-0.602,0.054,0.014,0.055,2.29,5.39
default_gust,correction_on,3.50,1.400,3.500,2.02,3.99,-0.303,-0.599,0.055,0.012,0.053,2.40,5.36
default_gust,correction_on,3.55,1.346,3.366,2.04,3.95,-0.306,-0.592,0.057,0.007,0.047,2.50,5.32
default_gust,correction_on,3.60,1.295,3.237,2.05,3.88,-0.308,-0.582,0.058,0.003,0.043,2.58,5.27
default_gust,correction_on,3.65,1.245,3.112,2.04,3.79,-0.306,-0.569,0.059,-0.003,0.037,2.63,5.20
default_gust,correction_on,3.70,1.197,2.993,2.01,3.68,-0.302,-0.552,0.059,-0.006,0.034,2.66,5.12
default_gust,correction_on,3.75,1.151,2.879,1.97,3.56,-0.295,-0.534,0.059,-0.013,0.028,2.67,5.02
default_gust,correction_on,3.80,1.108,2.771,1.92,3.44,-0.287,-0.515,0.059,-0.017,0.025,2.65,4.91
default_gust,correction_on,3.85,1.067,2.669,1.86,3.32,-0.279,-0.498,0.058,-0.024,0.020,2.59,4.78
default_gust,correction_on,3.90,1.029,2.573,1.82,3.25,-0.273,-0.487,0.057,-0.028,0.018,2.52,4.65
default_gust,correction_on,3.95,0.994,2.484,1.80,3.23,-0.271,-0.485,0.054,-0.035,0.018,2.43,4.49
default_gust,correction_on,4.00,0.961,2.402,1.77,3.26,-0.265,-0.489,0.010,-0.082,0.076,1.35,3.77
default_gust,correction_on,4.05,0.931,2.327,1.71,3.27,-0.257,-0.490,0.010,-0.082,0.076,1.35,3.77
default_gust,correction_on,4.10,0.904,2.259,1.67,3.27,-0.250,-0.491,0.010,-0.082,0.076,1.36,3.78
default_gust,correction_on,4.15,0.880,2.199,1.63,3.29,-0.244,-0.493,0.009,-0.082,0.077,1.37,3.80
default_gust,correction_on,4.20,0.859,2.147,1.61,3.31,-0.241,-0.496,0.009,-0.083,0.077,1.38,3.82
default_gust,correction_on,4.25,0.841,2.102,1.60,3.34,-0.240,-0.501,0.009,-0.084,0.078,1.38,3.84
default_gust,correction_on,4.30,0.826,2.066,1.61,3.38,-0.241,-0.506,0.009,-0.084,0.078,1.37,3.85
default_gust,correction_on,4.35,0.815,2.037,1.62,3.41,-0.243,-0.512,0.008,-0.086,0.079,1.36,3.85
default_gust,correction_on,4.40,0.807,2.016,1.65,3.43,-0.247,-0.515,0.008,-0.087,0.080,1.34,3.84
default_gust,correction_on,4.45,0.802,2.004,1.67,3.44,-0.250,-0.516,0.008,-0.090,0.082,1.32,3.83
default_gust,correction_on,4.50,0.800,2.000,1.69,3.44,-0.253,-0.515,0.007,-0.091,0.084,1.31,3.80
default_gust,correction_on,4.55,0.802,2.004,1.69,3.42,-0.254,-0.513,0.007,-0.095,0.087,1.29,3.77
default_gust,correction_on,4.60,0.807,2.016,1.68,3.37,-0.252,-0.505,0.006,-0.098,0.088,1.29,3.73
default_gust,correction_on,4.65,0.815,2.037,1.64,3.26,-0.246,-0.489,0.006,-0.103,0.092,1.28,3.66
default_gust,correction_on,4.70,0.826,2.066,1.58,3.11,-0.237,-0.466,0.006,-0.106,0.094,1.28,3.59
default_gust,correction_on,4.75,0.841,2.102,1.51,2.91,-0.226,-0.436,0.007,-0.112,0.099,1.27,3.49
default_gust,correction_on,4.80,0.859,2.147,1.43,2.70,-0.214,-0.405,0.007,-0.117,0.102,1.27,3.38
default_gust,correction_on,4.85,0.880,2.199,1.36,2.49,-0.204,-0.374,0.008,-0.124,0.108,1.25,3.24
default_gust,correction_on,4.90,0.904,2.259,1.32,2.33,-0.198,-0.349,0.008,-0.129,0.111,1.21,3.07
default_gust,correction_on,4.95,0.931,2.327,1.31,2.22,-0.197,-0.333,0.009,-0.137,0.117,1.17,2.86
default_gust,correction_on,5.00,0.961,2.402,1.35,2.35,-0.203,-0.352,0.036,-0.210,0.176,1.06,1.45
default_gust,correction_on,5.05,0.994,2.484,1.41,2.56,-0.211,-0.384,0.036,-0.210,0.176,1.06,1.45
default_gust,correction_on,5.10,1.029,2.573,1.47,2.78,-0.221,-0.418,0.036,-0.210,0.175,1.06,1.47
default_gust,correction_on,5.15,1.067,2.669,1.55,3.00,-0.232,-0.450,0.036,-0.209,0.174,1.05,1.49
default_gust,correction_on,5.20,1.108,2.771,1.64,3.17,-0.245,-0.476,0.036,-0.208,0.173,1.05,1.54
default_gust,correction_on,5.25,1.151,2.879,1.73,3.32,-0.260,-0.498,0.036,-0.206,0.171,1.06,1.63
default_gust,correction_on,5.30,1.197,2.993,1.83,3.45,-0.275,-0.517,0.036,-0.204,0.170,1.09,1.74
default_gust,correction_on,5.35,1.245,3.112,1.94,3.54,-0.292,-0.532,0.036,-0.202,0.168,1.13,1.87
default_gust,correction_on,5.40,1.295,3.237,2.06,3.59,-0.309,-0.538,0.036,-0.200,0.166,1.18,2.00
default_gust,correction_on,5.45,1.346,3.366,2.16,3.57,-0.324,-0.535,0.037,-0.197,0.163,1.24,2.14
default_gust,correction_on,5.50,1.400,3.500,2.23,3.51,-0.335,-0.527,0.037,-0.196,0.162,1.30,2.25
default_gust,correction_on,5.55,1.455,3.638,2.29,3.42,-0.344,-0.512,0.037,-0.193,0.159,1.37,2.35
default_gust,correction_on,5.60,1.512,3.780,2.34,3.32,-0.351,-0.498,0.038,-0.191,0.157,1.44,2.42
default_gust,correction_on,5.65,1.570,3.925,2.38,3.23,-0.357,-0.485,0.039,-0.189,0.155,1.51,2.46
default_gust,correction_on,5.70,1.629,4.073,2.42,3.15,-0.362,-0.472,0.039,-0.188,0.154,1.56,2.46
default_gust,correction_on,5.75,1.689,4.224,2.44,3.06,-0.367,-0.460,0.040,-0.187,0.152,1.61,2.42
default_gust,correction_on,5.80,1.751,4.376,2.47,2.99,-0.371,-0.449,0.041,-0.186,0.152,1.64,2.37
default_gust,correction_on,5.85,1.812,4.531,2.50,2.94,-0.375,-0.441,0.041,-0.186,0.151,1.67,2.28
default_gust,correction_on,5.90,1.875,4.686,2.55,2.92,-0.383,-0.439,0.040,-0.186,0.151,1.68,2.20
default_gust,correction_on,5.95,1.937,4.843,2.61,2.92,-0.392,-0.438,0.040,-0.186,0.151,1.67,2.09
default_gust,correction_on,6.00,2.000,5.000,2.62,2.94,-0.394,-0.441,-0.019,-0.179,0.168,0.70,1.67
default_gust,correction_on,6.05,2.063,5.157,2.60,2.98,-0.390,-0.446,-0.019,-0.179,0.168,0.70,1.67
default_gust,correction_on,6.10,2.125,5.314,2.56,3.02,-0.384,-0.452,-0.020,-0.178,0.168,0.69,1.68
default_gust,correction_on,6.15,2.188,5.469,2.52,3.06,-0.378,-0.459,-0.023,-0.176,0.168,0.68,1.69
default_gust,correction_on,6.20,2.249,5.624,2.48,3.10,-0.373,-0.465,-0.024,-0.175,0.167,0.68,1.69
default_gust,correction_on,6.25,2.311,5.776,2.45,3.14,-0.368,-0.471,-0.026,-0.173,0.166,0.68,1.71
default_gust,correction_on,6.30,2.371,5.927,2.43,3.19,-0.365,-0.478,-0.026,-0.172,0.166,0.67,1.73
default_gust,correction_on,6.35,2.430,6.075,2.42,3.24,-0.363,-0.486,-0.028,-0.168,0.164,0.67,1.77
default_gust,correction_on,6.40,2.488,6.220,2.42,3.29,-0.363,-0.493,-0.029,-0.166,0.163,0.67,1.81
default_gust,correction_on,6.45,2.545,6.362,2.44,3.33,-0.366,-0.500,-0.031,-0.161,0.160,0.66,1.87
default_gust,correction_on,6.50,2.600,6.500,2.47,3.38,-0.370,-0.507,-0.031,-0.159,0.159,0.66,1.94
default_gust,correction_on,6.55,2.654,6.634,2.52,3.43,-0.377,-0.514,-0.032,-0.153,0.155,0.67,2.03
default_gust,correction_on,6.60,2.705,6.763,2.58,3.48,-0.387,-0.522,-0.033,-0.150,0.153,0.68,2.12
default_gust,correction_on,6.65,2.755,6.888,2.65,3.54,-0.398,-0.531,-0.034,-0.143,0.149,0.70,2.22
default_gust,correction_on,6.70,2.803,7.007,2.73,3.60,-0.410,-0.540,-0.034,-0.140,0.147,0.73,2.33
default_gust,correction_on,6.75,2.849,7.121,2.82,3.66,-0.423,-0.549,-0.033,-0.133,0.142,0.77,2.44
default_gust,correction_on,6.80,2.892,7.229,2.92,3.72,-0.437,-0.559,-0.033,-0.129,0.138,0.83,2.55
default_gust,correction_on,6.85,2.933,7.331,3.01,3.79,-0.451,-0.568,-0.032,-0.122,0.133,0.90,2.67
default_gust,correction_on,6.90,2.971,7.427,3.09,3.85,-0.464,-0.577,-0.031,-0.118,0.131,0.98,2.77
default_gust,correction_on,6.95,3.006,7.516,3.15,3.90,-0.473,-0.585,-0.030,-0.112,0.126,1.08,2.89
default_gust,correction_on,7.00,3.039,7.598,3.21,3.91,-0.481,-0.586,-0.012,-0.081,0.094,1.51,3.28
default_gust,correction_on,7.05,3.069,7.673,3.25,3.85,-0.488,-0.578,-0.012,-0.081,0.094,1.51,3.28
default_gust,correction_on,7.10,3.096,7.741,3.28,3.79,-0.492,-0.569,-0.011,-0.081,0.094,1.51,3.27
default_gust,correction_on,7.15,3.120,7.801,3.30,3.74,-0.495,-0.561,-0.011,-0.081,0.093,1.51,3.25
default_gust,correction_on,7.20,3.141,7.853,3.32,3.73,-0.497,-0.559,-0.011,-0.081,0.093,1.51,3.23
default_gust,correction_on,7.25,3.159,7.898,3.33,3.75,-0.499,-0.563,-0.010,-0.080,0.092,1.53,3.21
default_gust,correction_on,7.30,3.174,7.934,3.34,3.79,-0.501,-0.569,-0.010,-0.080,0.092,1.54,3.19
default_gust,correction_on,7.35,3.185,7.963,3.35,3.85,-0.502,-0.577,-0.010,-0.079,0.092,1.56,3.18
default_gust,correction_on,7.40,3.193,7.984,3.36,3.91,-0.503,-0.587,-0.011,-0.078,0.091,1.57,3.18
default_gust,correction_on,7.45,3.198,7.996,3.37,3.99,-0.505,-0.599,-0.011,-0.075,0.091,1.59,3.20
default_gust,correction_on,7.50,3.200,8.000,3.38,4.09,-0.507,-0.613,-0.011,-0.074,0.090,1.60,3.24
default_gust,correction_on,7.55,3.198,7.996,3.40,4.20,-0.510,-0.630,-0.011,-0.071,0.089,1.62,3.31
default_gust,correction_on,7.60,3.193,7.984,3.43,4.32,-0.514,-0.648,-0.011,-0.068,0.088,1.63,3.39
default_gust,correction_on,7.65,3.185,7.963,3.46,4.45,-0.519,-0.668,-0.012,-0.063,0.087,1.64,3.51
default_gust,correction_on,7.70,3.174,7.934,3.50,4.60,-0.525,-0.690,-0.012,-0.060,0.087,1.66,3.63
default_gust,correction_on,7.75,3.159,7.898,3.54,4.75,-0.531,-0.712,-0.012,-0.054,0.085,1.68,3.78
default_gust,correction_on,7.80,3.141,7.853,3.59,4.89,-0.539,-0.734,-0.012,-0.050,0.084,1.71,3.94
default_gust,correction_on,7.85,3.120,7.801,3.64,5.01,-0.546,-0.752,-0.011,-0.043,0.083,1.74,4.12
default_gust,correction_on,7.90,3.096,7.741,3.70,5.12,-0.555,-0.768,-0.011,-0.039,0.082,1.77,4.30
default_gust,correction_on,7.95,3.069,7.673,3.77,5.23,-0.565,-0.785,-0.010,-0.031,0.081,1.82,4.50
default_gust,correction_on,8.00,3.039,7.598,3.85,5.31,-0.578,-0.797,-0.013,0.046,0.119,2.01,5.65
default_gust,correction_on,8.05,3.006,7.516,3.90,5.27,-0.585,-0.790,-0.013,0.046,0.119,2.01,5.65
default_gust,correction_on,8.10,2.971,7.427,3.92,5.23,-0.589,-0.784,-0.013,0.046,0.119,2.00,5.64
default_gust,correction_on,8.15,2.933,7.331,3.92,5.19,-0.588,-0.779,-0.014,0.047,0.121,1.99,5.64
default_gust,correction_on,8.20,2.892,7.229,3.91,5.23,-0.586,-0.784,-0.015,0.048,0.122,1.99,5.63
default_gust,correction_on,8.25,2.849,7.121,3.88,5.32,-0.582,-0.798,-0.015,0.048,0.122,2.01,5.63
default_gust,correction_on,8.30,2.803,7.007,3.84,5.42,-0.576,-0.814,-0.016,0.048,0.123,2.02,5.62
default_gust,correction_on,8.35,2.755,6.888,3.78,5.51,-0.567,-0.827,-0.017,0.048,0.123,2.04,5.60
default_gust,correction_on,8.40,2.705,6.763,3.71,5.57,-0.556,-0.835,-0.017,0.048,0.123,2.05,5.60
default_gust,correction_on,8.45,2.654,6.634,3.63,5.58,-0.545,-0.837,-0.018,0.047,0.123,2.05,5.61
default_gust,correction_on,8.50,2.600,6.500,3.55,5.57,-0.532,-0.835,-0.019,0.046,0.124,2.04,5.63
default_gust,correction_on,8.55,2.545,6.362,3.46,5.53,-0.519,-0.830,-0.020,0.046,0.124,2.02,5.66
default_gust,correction_on,8.60,2.488,6.220,3.36,5.48,-0.503,-0.822,-0.020,0.045,0.123,1.99,5.70
default_gust,correction_on,8.65,2.430,6.075,3.24,5.41,-0.486,-0.812,-0.021,0.043,0.123,1.95,5.72
default_gust,correction_on,8.70,2.371,5.927,3.12,5.33,-0.468,-0.799,-0.021,0.042,0.122,1.90,5.73
default_gust,correction_on,8.75,2.311,5.776,2.98,5.23,-0.447,-0.784,-0.021,0.041,0.121,1.84,5.72
default_gust,correction_on,8.80,2.249,5.624,2.85,5.12,-0.427,-0.768,-0.021,0.040,0.121,1.78,5.70
default_gust,correction_on,8.85,2.188,5.469,2.72,5.01,-0.408,-0.751,-0.020,0.038,0.119,1.71,5.66
default_gust,correction_on,8.90,2.125,5.314,2.60,4.91,-0.390,-0.737,-0.020,0.037,0.118,1.64,5.62
default_gust,correction_on,8.95,2.063,5.157,2.50,4.84,-0.376,-0.726,-0.019,0.034,0.116,1.57,5.55
default_gust,correction_on,9.00,2.000,5.000,2.52,4.82,-0.378,-0.722,0.083,0.002,0.042,2.58,5.12
default_gust,correction_on,9.05,1.937,4.843,2.62,4.81,-0.393,-0.722,0.083,0.002,0.042,2.58,5.12
default_gust,correction_on,9.10,1.875,4.686,2.75,4.82,-0.413,-0.723,0.087,0.003,0.044,2.64,5.15
default_gust,correction_on,9.15,1.812,4.531,2.90,4.81,-0.435,-0.722,0.096,0.004,0.048,2.70,5.18
default_gust,correction_on,9.20,1.751,4.376,3.04,4.80,-0.456,-0.719,0.101,0.005,0.052,2.76,5.22
default_gust,correction_on,9.25,1.689,4.224,3.18,4.77,-0.476,-0.716,0.109,0.006,0.057,2.84,5.25
default_gust,correction_on,9.30,1.629,4.073,3.30,4.75,-0.496,-0.712,0.113,0.006,0.060,2.93,5.27
default_gust,correction_on,9.35,1.570,3.925,3.42,4.73,-0.513,-0.709,0.120,0.007,0.066,3.03,5.29
default_gust,correction_on,9.40,1.512,3.780,3.52,4.71,-0.529,-0.707,0.124,0.007,0.069,3.14,5.29
default_gust,correction_on,9.45,1.455,3.638,3.61,4.71,-0.541,-0.706,0.130,0.007,0.074,3.25,5.27
default_gust,correction_on,9.50,1.400,3.500,3.67,4.69,-0.551,-0.703,0.133,0.007,0.076,3.35,5.24
default_gust,correction_on,9.55,1.346,3.366,3.71,4.65,-0.556,-0.698,0.137,0.006,0.078,3.45,5.21
default_gust,correction_on,9.60,1.295,3.237,3.72,4.60,-0.558,-0.690,0.139,0.005,0.080,3.52,5.16
default_gust,correction_on,9.65,1.245,3.112,3.70,4.53,-0.555,-0.680,0.141,0.002,0.080,3.58,5.11
default_gust,correction_on,9.70,1.197,2.993,3.66,4.45,-0.550,-0.667,0.142,0.001,0.081,3.60,5.05
default_gust,correction_on,9.75,1.151,2.879,3.60,4.35,-0.540,-0.652,0.143,-0.002,0.080,3.60,4.97
default_gust,correction_on,9.80,1.108,2.771,3.53,4.25,-0.529,-0.638,0.142,-0.004,0.078,3.57,4.89
default_gust,correction_on,9.85,1.067,2.669,3.44,4.16,-0.515,-0.624,0.141,-0.007,0.075,3.51,4.79
default_gust,correction_on,9.90,1.029,2.573,3.34,4.09,-0.502,-0.614,0.139,-0.009,0.074,3.42,4.69
default_gust,correction_on,9.95,0.994,2.484,3.27,4.06,-0.490,-0.609,0.136,-0.013,0.069,3.29,4.58
default_gust,correction_on,10.00,0.961,2.402,3.19,4.09,-0.479,-0.613,0.039,-0.050,0.034,1.45,3.85
default_gust,correction_on,10.05,0.931,2.327,3.11,4.15,-0.467,-0.622,0.039,-0.050,0.034,1.45,3.85
default_gust,correction_on,10.10,0.904,2.259,3.04,4.23,-0.456,-0.634,0.039,-0.051,0.036,1.46,3.84
default_gust,correction_on,10.15,0.880,2.199,2.97,4.33,-0.446,-0.649,0.037,-0.054,0.038,1.47,3.83
default_gust,correction_on,10.20,0.859,2.147,2.91,4.41,-0.437,-0.662,0.037,-0.055,0.039,1.48,3.83
default_gust,correction_on,10.25,0.841,2.102,2.86,4.48,-0.429,-0.672,0.036,-0.059,0.041,1.48,3.83
default_gust,correction_on,10.30,0.826,2.066,2.79,4.50,-0.419,-0.674,0.035,-0.060,0.043,1.48,3.84
default_gust,correction_on,10.35,0.815,2.037,2.72,4.47,-0.408,-0.670,0.035,-0.064,0.045,1.46,3.86
default_gust,correction_on,10.40,0.807,2.016,2.65,4.40,-0.398,-0.661,0.034,-0.067,0.047,1.44,3.87
default_gust,correction_on,10.45,0.802,2.004,2.59,4.31,-0.388,-0.646,0.034,-0.072,0.050,1.42,3.87
default_gust,correction_on,10.50,0.800,2.000,2.52,4.19,-0.377,-0.629,0.034,-0.074,0.052,1.39,3.85
default_gust,correction_on,10.55,0.802,2.004,2.45,4.05,-0.367,-0.607,0.034,-0.079,0.056,1.36,3.79
default_gust,correction_on,10.60,0.807,2.016,2.38,3.88,-0.356,-0.582,0.034,-0.083,0.059,1.32,3.71
default_gust,correction_on,10.65,0.815,2.037,2.30,3.68,-0.344,-0.553,0.033,-0.089,0.064,1.28,3.60
default_gust,correction_on,10.70,0.826,2.066,2.21,3.47,-0.331,-0.520,0.033,-0.093,0.067,1.24,3.47
default_gust,correction_on,10.75,0.841,2.102,2.12,3.23,-0.317,-0.484,0.032,-0.099,0.073,1.19,3.29
default_gust,correction_on,10.80,0.859,2.147,2.02,2.99,-0.302,-0.449,0.031,-0.104,0.077,1.14,3.11
default_gust,correction_on,10.85,0.880,2.199,1.92,2.78,-0.288,-0.416,0.030,-0.111,0.084,1.08,2.90
default_gust,correction_on,10.90,0.904,2.259,1.84,2.59,-0.276,-0.389,0.029,-0.115,0.088,1.02,2.68
default_gust,correction_on,10.95,0.931,2.327,1.78,2.48,-0.268,-0.371,0.027,-0.122,0.095,0.94,2.43
default_gust,correction_on,11.00,0.961,2.402,1.85,2.60,-0.277,-0.390,0.065,-0.143,0.105,1.25,1.68
default_gust,correction_on,11.05,0.994,2.484,1.98,2.85,-0.297,-0.428,0.065,-0.143,0.105,1.25,1.68
default_gust,correction_on,11.10,1.029,2.573,2.15,3.12,-0.322,-0.468,0.069,-0.141,0.103,1.32,1.72
default_gust,correction_on,11.15,1.067,2.669,2.34,3.38,-0.350,-0.508,0.077,-0.136,0.099,1.39,1.76
default_gust,correction_on,11.20,1.108,2.771,2.53,3.60,-0.379,-0.540,0.081,-0.134,0.096,1.48,1.83
default_gust,correction_on,11.25,1.151,2.879,2.73,3.78,-0.409,-0.566,0.089,-0.130,0.094,1.59,1.93
default_gust,correction_on,11.30,1.197,2.993,2.93,3.91,-0.439,-0.586,0.092,-0.128,0.093,1.71,2.06
default_gust,correction_on,11.35,1.245,3.112,3.12,3.99,-0.469,-0.598,0.099,-0.125,0.091,1.88,2.21
default_gust,correction_on,11.40,1.295,3.237,3.31,4.01,-0.496,-0.601,0.103,-0.123,0.091,2.04,2.35
default_gust,correction_on,11.45,1.346,3.366,3.45,3.94,-0.517,-0.591,0.109,-0.121,0.091,2.22,2.49
default_gust,correction_on,11.50,1.400,3.500,3.53,3.81,-0.530,-0.571,0.111,-0.120,0.091,2.39,2.59
default_gust,correction_on,11.55,1.455,3.638,3.56,3.64,-0.534,-0.547,0.116,-0.118,0.092,2.56,2.67
default_gust,correction_on,11.60,1.512,3.780,3.55,3.47,-0.533,-0.521,0.118,-0.118,0.092,2.70,2.70
default_gust,correction_on,11.65,1.570,3.925,3.50,3.29,-0.525,-0.493,0.121,-0.118,0.094,2.83,2.68
default_gust,correction_on,11.70,1.629,4.073,3.42,3.09,-0.513,-0.463,0.121,-0.118,0.094,2.90,2.62
default_gust,correction_on,11.75,1.689,4.224,3.31,2.87,-0.497,-0.431,0.122,-0.119,0.095,2.93,2.51
default_gust,correction_on,11.80,1.751,4.376,3.21,2.67,-0.481,-0.400,0.121,-0.120,0.096,2.91,2.38
default_gust,correction_on,11.85,1.812,4.531,3.10,2.47,-0.466,-0.371,0.119,-0.123,0.097,2.84,2.20
default_gust,correction_on,11.90,1.875,4.686,3.05,2.31,-0.458,-0.347,0.118,-0.124,0.098,2.73,2.03
default_gust,correction_on,11.95,1.937,4.843,3.05,2.24,-0.458,-0.336,0.114,-0.127,0.099,2.56,1.82
default_gust,correction_on,12.00,2.000,5.000,3.04,2.30,-0.456,-0.345,0.030,-0.097,0.072,0.79,1.70
default_gust,correction_on,12.05,2.063,5.157,3.00,2.45,-0.450,-0.368,0.030,-0.097,0.072,0.79,1.70
default_gust,correction_on,12.10,2.125,5.314,2.96,2.63,-0.444,-0.394,0.030,-0.094,0.070,0.81,1.74
default_gust,correction_on,12.15,2.188,5.469,2.92,2.82,-0.439,-0.423,0.029,-0.088,0.066,0.84,1.80
default_gust,correction_on,12.20,2.249,5.624,2.90,3.00,-0.435,-0.450,0.029,-0.085,0.063,0.86,1.84
default_gust,correction_on,12.25,2.311,5.776,2.89,3.17,-0.434,-0.476,0.030,-0.079,0.058,0.89,1.92
default_gust,correction_on,12.30,2.371,5.927,2.90,3.33,-0.435,-0.500,0.031,-0.076,0.056,0.92,2.02
default_gust,correction_on,12.35,2.430,6.075,2.93,3.47,-0.439,-0.521,0.033,-0.069,0.050,0.95,2.15
default_gust,correction_on,12.40,2.488,6.220,2.98,3.60,-0.447,-0.539,0.034,-0.065,0.046,0.99,2.28
default_gust,correction_on,12.45,2.545,6.362,3.06,3.71,-0.459,-0.557,0.037,-0.058,0.040,1.04,2.45
default_gust,correction_on,12.50,2.600,6.500,3.15,3.81,-0.473,-0.572,0.038,-0.054,0.038,1.09,2.60
default_gust,correction_on,12.55,2.654,6.634,3.27,3.90,-0.490,-0.585,0.040,-0.047,0.033,1.17,2.77
default_gust,correction_on,12.60,2.705,6.763,3.39,3.96,-0.509,-0.594,0.042,-0.043,0.030,1.25,2.91
default_gust,correction_on,12.65,2.755,6.888,3.51,3.98,-0.526,-0.597,0.044,-0.037,0.028,1.35,3.06
default_gust,correction_on,12.70,2.803,7.007,3.59,3.97,-0.539,-0.596,0.045,-0.034,0.027,1.45,3.18
default_gust,correction_on,12.75,2.849,7.121,3.66,3.94,-0.549,-0.591,0.046,-0.029,0.027,1.57,3.30
default_gust,correction_on,12.80,2.892,7.229,3.72,3.92,-0.557,-0.588,0.047,-0.026,0.027,1.68,3.38
default_gust,correction_on,12.85,2.933,7.331,3.77,3.90,-0.565,-0.585,0.048,-0.022,0.028,1.82,3.45
default_gust,correction_on,12.90,2.971,7.427,3.82,3.92,-0.573,-0.589,0.049,-0.020,0.029,1.91,3.47
default_gust,correction_on,12.95,3.006,7.516,3.83,3.93,-0.575,-0.590,0.049,-0.017,0.030,2.00,3.48
default_gust,correction_on,13.00,3.039,7.598,3.80,3.93,-0.570,-0.589,0.006,-0.018,0.069,1.46,3.23
default_gust,correction_on,13.05,3.069,7.673,3.73,3.92,-0.560,-0.589,0.006,-0.018,0.069,1.46,3.23
default_gust,correction_on,13.10,3.096,7.741,3.65,3.91,-0.547,-0.587,0.005,-0.017,0.070,1.45,3.25
default_gust,correction_on,13.15,3.120,7.801,3.55,3.90,-0.533,-0.585,0.003,-0.016,0.072,1.43,3.28
default_gust,correction_on,13.20,3.141,7.853,3.46,3.89,-0.519,-0.584,0.002,-0.014,0.073,1.43,3.29
default_gust,correction_on,13.25,3.159,7.898,3.37,3.90,-0.506,-0.585,0.001,-0.013,0.075,1.41,3.32
default_gust,correction_on,13.30,3.174,7.934,3.29,3.92,-0.493,-0.589,0.001,-0.012,0.075,1.39,3.34
default_gust,correction_on,13.35,3.185,7.963,3.21,3.96,-0.482,-0.594,0.001,-0.010,0.076,1.36,3.38
default_gust,correction_on,13.40,3.193,7.984,3.15,4.01,-0.473,-0.602,0.002,-0.009,0.076,1.33,3.41
default_gust,correction_on,13.45,3.198,7.996,3.11,4.08,-0.466,-0.612,0.003,-0.008,0.075,1.30,3.46
default_gust,correction_on,13.50,3.200,8.000,3.08,4.15,-0.462,-0.622,0.004,-0.007,0.074,1.28,3.50
default_gust,correction_on,13.55,3.198,7.996,3.07,4.23,-0.461,-0.635,0.007,-0.005,0.073,1.27,3.58
default_gust,correction_on,13.60,3.193,7.984,3.09,4.32,-0.463,-0.649,0.009,-0.004,0.071,1.28,3.64
default_gust,correction_on,13.65,3.185,7.963,3.13,4.42,-0.469,-0.664,0.012,-0.002,0.069,1.31,3.74
default_gust,correction_on,13.70,3.174,7.934,3.18,4.53,-0.477,-0.679,0.015,-0.000,0.068,1.34,3.81
default_gust,correction_on,13.75,3.159,7.898,3.26,4.65,-0.489,-0.697,0.019,0.003,0.067,1.42,3.94
default_gust,correction_on,13.80,3.141,7.853,3.36,4.78,-0.504,-0.716,0.023,0.005,0.065,1.48,4.03
default_gust,correction_on,13.85,3.120,7.801,3.49,4.92,-0.523,-0.738,0.028,0.009,0.064,1.61,4.17
default_gust,correction_on,13.90,3.096,7.741,3.63,5.06,-0.544,-0.759,0.031,0.011,0.064,1.71,4.28
default_gust,correction_on,13.95,3.069,7.673,3.77,5.19,-0.565,-0.779,0.037,0.016,0.064,1.88,4.43
default_gust,correction_on,14.00,3.039,7.598,3.83,5.28,-0.574,-0.792,0.090,0.045,0.085,2.82,5.27
default_gust,correction_on,14.05,3.006,7.516,3.81,5.31,-0.571,-0.797,0.090,0.045,0.085,2.82,5.27
default_gust,correction_on,14.10,2.971,7.427,3.76,5.33,-0.565,-0.800,0.090,0.044,0.084,2.80,5.25
default_gust,correction_on,14.15,2.933,7.331,3.70,5.35,-0.556,-0.802,0.091,0.042,0.082,2.78,5.23
default_gust,correction_on,14.20,2.892,7.229,3.65,5.38,-0.547,-0.807,0.091,0.040,0.080,2.77,5.23
default_gust,correction_on,14.25,2.849,7.121,3.60,5.40,-0.540,-0.810,0.092,0.037,0.078,2.76,5.22
default_gust,correction_on,14.30,2.803,7.007,3.56,5.41,-0.534,-0.812,0.093,0.035,0.076,2.75,5.22
default_gust,correction_on,14.35,2.755,6.888,3.53,5.41,-0.529,-0.811,0.094,0.032,0.073,2.73,5.22
default_gust,correction_on,14.40,2.705,6.763,3.50,5.39,-0.525,-0.809,0.094,0.030,0.072,2.72,5.21
default_gust,correction_on,14.45,2.654,6.634,3.48,5.36,-0.522,-0.804,0.095,0.027,0.069,2.69,5.21
default_gust,correction_on,14.50,2.600,6.500,3.46,5.32,-0.519,-0.798,0.095,0.025,0.067,2.67,5.20
default_gust,correction_on,14.55,2.545,6.362,3.45,5.28,-0.517,-0.792,0.096,0.022,0.064,2.64,5.18
default_gust,correction_on,14.60,2.488,6.220,3.43,5.24,-0.514,-0.785,0.096,0.020,0.063,2.62,5.16
default_gust,correction_on,14.65,2.430,6.075,3.41,5.19,-0.511,-0.779,0.096,0.017,0.060,2.60,5.13
default_gust,correction_on,14.70,2.371,5.927,3.38,5.14,-0.507,-0.772,0.096,0.016,0.059,2.58,5.10
default_gust,correction_on,14.75,2.311,5.776,3.35,5.10,-0.503,-0.765,0.096,0.013,0.057,2.57,5.06
default_gust,correction_on,14.80,2.249,5.624,3.32,5.07,-0.498,-0.760,0.096,0.012,0.056,2.56,5.04
default_gust,correction_on,14.85,2.188,5.469,3.28,5.04,-0.492,-0.756,0.095,0.011,0.054,2.55,5.00
default_gust,correction_on,14.90,2.125,5.314,3.22,5.03,-0.484,-0.754,0.095,0.010,0.053,2.53,4.97
default_gust,correction_on,14.95,2.063,5.157,3.17,5.05,-0.476,-0.757,0.094,0.009,0.052,2.52,4.94
default_gust,correction_on,15.00,2.000,5.000,3.17,5.09,-0.475,-0.763,0.091,0.015,0.056,2.67,5.30
default_gust,correction_on,15.05,1.937,4.843,3.20,5.13,-0.479,-0.770,0.091,0.015,0.056,2.67,5.30
default_gust,correction_on,15.10,1.875,4.686,3.24,5.18,-0.485,-0.776,0.093,0.015,0.057,2.70,5.31
default_gust,correction_on,15.15,1.812,4.531,3.29,5.22,-0.493,-0.783,0.096,0.016,0.059,2.75,5.32
default_gust,correction_on,15.20,1.751,4.376,3.35,5.26,-0.502,-0.789,0.099,0.016,0.061,2.78,5.34
default_gust,correction_on,15.25,1.689,4.224,3.40,5.29,-0.511,-0.793,0.103,0.016,0.063,2.84,5.37
default_gust,correction_on,15.30,1.629,4.073,3.47,5.31,-0.520,-0.797,0.104,0.016,0.063,2.89,5.39
default_gust,correction_on,15.35,1.570,3.925,3.53,5.33,-0.530,-0.799,0.108,0.016,0.065,2.97,5.41
default_gust,correction_on,15.40,1.512,3.780,3.60,5.34,-0.539,-0.801,0.110,0.015,0.066,3.02,5.42
default_gust,correction_on,15.45,1.455,3.638,3.65,5.35,-0.548,-0.802,0.114,0.014,0.066,3.10,5.42
default_gust,correction_on,15.50,1.400,3.500,3.70,5.34,-0.555,-0.801,0.115,0.013,0.067,3.15,5.40
default_gust,correction_on,15.55,1.346,3.366,3.72,5.31,-0.559,-0.797,0.117,0.010,0.067,3.22,5.37
default_gust,correction_on,15.60,1.295,3.237,3.73,5.26,-0.560,-0.789,0.118,0.009,0.066,3.26,5.33
default_gust,correction_on,15.65,1.245,3.112,3.72,5.19,-0.559,-0.779,0.119,0.005,0.064,3.31,5.26
default_gust,correction_on,15.70,1.197,2.993,3.70,5.10,-0.555,-0.765,0.119,0.004,0.063,3.33,5.21
default_gust,correction_on,15.75,1.151,2.879,3.66,5.00,-0.549,-0.749,0.118,-0.000,0.060,3.34,5.11
default_gust,correction_on,15.80,1.108,2.771,3.60,4.89,-0.540,-0.733,0.117,-0.003,0.058,3.33,5.03
default_gust,correction_on,15.85,1.067,2.669,3.53,4.78,-0.529,-0.717,0.115,-0.007,0.053,3.28,4.90
default_gust,correction_on,15.90,1.029,2.573,3.46,4.72,-0.519,-0.709,0.114,-0.010,0.051,3.23,4.80
default_gust,correction_on,15.95,0.994,2.484,3.39,4.72,-0.508,-0.708,0.110,-0.015,0.045,3.13,4.63
default_gust,correction_on,16.00,0.961,2.402,3.35,4.81,-0.502,-0.721,0.040,-0.079,0.052,1.90,3.52
default_gust,correction_on,16.05,0.931,2.327,3.31,4.90,-0.496,-0.735,0.040,-0.079,0.052,1.90,3.52
default_gust,correction_on,16.10,0.904,2.259,3.28,5.00,-0.492,-0.749,0.038,-0.080,0.054,1.91,3.52
default_gust,correction_on,16.15,0.880,2.199,3.26,5.09,-0.488,-0.764,0.037,-0.080,0.054,1.92,3.54
default_gust,correction_on,16.20,0.859,2.147,3.23,5.17,-0.484,-0.776,0.036,-0.080,0.055,1.93,3.57
default_gust,correction_on,16.25,0.841,2.102,3.20,5.22,-0.480,-0.782,0.034,-0.079,0.056,1.93,3.63
default_gust,correction_on,16.30,0.826,2.066,3.17,5.22,-0.475,-0.783,0.033,-0.079,0.057,1.93,3.68
default_gust,correction_on,16.35,0.815,2.037,3.13,5.17,-0.469,-0.775,0.032,-0.079,0.057,1.92,3.76
default_gust,correction_on,16.40,0.807,2.016,3.09,5.07,-0.463,-0.760,0.031,-0.079,0.058,1.91,3.80
default_gust,correction_on,16.45,0.802,2.004,3.04,4.92,-0.457,-0.738,0.030,-0.079,0.059,1.89,3.85
default_gust,correction_on,16.50,0.800,2.000,3.00,4.74,-0.450,-0.711,0.029,-0.080,0.060,1.88,3.86
default_gust,correction_on,16.55,0.802,2.004,2.95,4.54,-0.443,-0.681,0.029,-0.081,0.061,1.85,3.85
default_gust,correction_on,16.60,0.807,2.016,2.90,4.31,-0.434,-0.647,0.029,-0.084,0.063,1.82,3.78
default_gust,correction_on,16.65,0.815,2.037,2.82,4.06,-0.423,-0.609,0.029,-0.085,0.064,1.79,3.69
default_gust,correction_on,16.70,0.826,2.066,2.74,3.79,-0.411,-0.568,0.029,-0.089,0.067,1.75,3.54
default_gust,correction_on,16.75,0.841,2.102,2.64,3.49,-0.396,-0.524,0.030,-0.092,0.068,1.71,3.37
default_gust,correction_on,16.80,0.859,2.147,2.54,3.22,-0.381,-0.483,0.030,-0.095,0.070,1.67,3.21
default_gust,correction_on,16.85,0.880,2.199,2.44,2.96,-0.366,-0.444,0.032,-0.100,0.074,1.60,2.93
default_gust,correction_on,16.90,0.904,2.259,2.38,2.76,-0.356,-0.414,0.033,-0.103,0.076,1.56,2.73
default_gust,correction_on,16.95,0.931,2.327,2.36,2.66,-0.354,-0.399,0.035,-0.109,0.080,1.48,2.41
default_gust,correction_on,17.00,0.961,2.402,2.39,2.78,-0.358,-0.417,0.065,-0.133,0.096,1.59,1.58
default_gust,correction_on,17.05,0.994,2.484,2.42,3.02,-0.364,-0.452,0.065,-0.133,0.096,1.59,1.58
default_gust,correction_on,17.10,1.029,2.573,2.48,3.27,-0.372,-0.490,0.065,-0.130,0.093,1.58,1.62
default_gust,correction_on,17.15,1.067,2.669,2.54,3.51,-0.382,-0.527,0.065,-0.129,0.091,1.57,1.66
default_gust,correction_on,17.20,1.108,2.771,2.62,3.71,-0.393,-0.557,0.065,-0.125,0.088,1.57,1.73
default_gust,correction_on,17.25,1.151,2.879,2.72,3.88,-0.408,-0.582,0.065,-0.124,0.086,1.58,1.83
default_gust,correction_on,17.30,1.197,2.993,2.83,4.02,-0.425,-0.604,0.065,-0.120,0.082,1.60,1.97
default_gust,correction_on,17.35,1.245,3.112,2.96,4.13,-0.444,-0.619,0.066,-0.118,0.081,1.63,2.11
default_gust,correction_on,17.40,1.295,3.237,3.08,4.16,-0.463,-0.624,0.066,-0.116,0.078,1.67,2.24
default_gust,correction_on,17.45,1.346,3.366,3.18,4.11,-0.477,-0.616,0.067,-0.113,0.075,1.74,2.42
default_gust,correction_on,17.50,1.400,3.500,3.23,4.00,-0.485,-0.600,0.069,-0.110,0.073,1.81,2.54
default_gust,correction_on,17.55,1.455,3.638,3.26,3.86,-0.489,-0.580,0.070,-0.109,0.071,1.89,2.63
default_gust,correction_on,17.60,1.512,3.780,3.27,3.73,-0.491,-0.560,0.073,-0.107,0.069,1.95,2.68
default_gust,correction_on,17.65,1.570,3.925,3.27,3.59,-0.490,-0.538,0.074,-0.107,0.069,2.05,2.70
default_gust,correction_on,17.70,1.629,4.073,3.25,3.44,-0.488,-0.517,0.075,-0.106,0.069,2.10,2.67
default_gust,correction_on,17.75,1.689,4.224,3.23,3.29,-0.484,-0.494,0.077,-0.106,0.069,2.16,2.58
default_gust,correction_on,17.80,1.751,4.376,3.21,3.16,-0.481,-0.473,0.077,-0.107,0.069,2.18,2.49
default_gust,correction_on,17.85,1.812,4.531,3.19,3.02,-0.479,-0.453,0.078,-0.108,0.071,2.18,2.33
default_gust,correction_on,17.90,1.875,4.686,3.21,2.92,-0.481,-0.438,0.078,-0.110,0.072,2.17,2.21
default_gust,correction_on,17.95,1.937,4.843,3.25,2.85,-0.487,-0.428,0.078,-0.111,0.073,2.12,2.02
strong_gust,correction_off,0.00,3.000,8.000,0.00,0.00,0.000,0.000,0.102,-0.045,0.020,0.50,-0.14
strong_gust,correction_off,0.05,3.094,8.251,0.00,0.00,0.000,0.000,0.102,-0.045,0.020,0.50,-0.14
strong_gust,correction_off,0.10,3.188,8.502,0.00,0.00,0.000,0.000,0.104,-0.046,0.022,0.53,-0.16
strong_gust,correction_off,0.15,3.282,8.751,0.00,0.00,0.000,0.000,0.105,-0.046,0.022,0.57,-0.18
strong_gust,correction_off,0.20,3.374,8.998,0.00,0.00,0.000,0.000,0.107,-0.046,0.023,0.61,-0.22
strong_gust,correction_off,0.25,3.466,9.242,0.00,0.00,0.000,0.000,0.107,-0.045,0.022,0.65,-0.24
strong_gust,correction_off,0.30,3.556,9.483,0.00,0.00,0.000,0.000,0.108,-0.043,0.021,0.68,-0.25
strong_gust,correction_off,0.35,3.645,9.720,0.00,0.00,0.000,0.000,0.109,-0.041,0.020,0.71,-0.23
strong_gust,correction_off,0.40,3.732,9.952,0.00,0.00,0.000,0.000,0.110,-0.035,0.017,0.73,-0.17
strong_gust,correction_off,0.45,3.817,10.179,0.00,0.00,0.000,0.000,0.110,-0.032,0.015,0.74,-0.09
strong_gust,correction_off,0.50,3.900,10.400,0.00,0.00,0.000,0.000,0.110,-0.024,0.014,0.76,0.03
strong_gust,correction_off,0.55,3.980,10.614,0.00,0.00,0.000,0.000,0.110,-0.019,0.016,0.76,0.17
strong_gust,correction_off,0.60,4.058,10.821,0.00,0.00,0.000,0.000,0.109,-0.007,0.023,0.77,0.35
strong_gust,correction_off,0.65,4.133,11.021,0.00,0.00,0.000,0.000,0.109,-0.001,0.028,0.77,0.54
strong_gust,correction_off,0.70,4.204,11.212,0.00,0.00,0.000,0.000,0.108,0.013,0.040,0.78,0.78
strong_gust,correction_off,0.75,4.273,11.394,0.00,0.00,0.000,0.000,0.108,0.020,0.047,0.78,1.01
strong_gust,correction_off,0.80,4.338,11.567,0.00,0.00,0.000,0.000,0.107,0.037,0.064,0.78,1.28
strong_gust,correction_off,0.85,4.399,11.730,0.00,0.00,0.000,0.000,0.106,0.045,0.072,0.78,1.54
strong_gust,correction_off,0.90,4.456,11.883,0.00,0.00,0.000,0.000,0.106,0.063,0.090,0.79,1.83
strong_gust,correction_off,0.95,4.510,12.026,0.00,0.00,0.000,0.000,0.105,0.072,0.099,0.80,2.10
strong_gust,correction_off,1.00,4.559,12.157,0.00,0.00,0.000,0.000,0.168,0.355,0.388,2.05,6.20
strong_gust,correction_off,1.05,4.604,12.277,0.00,0.00,0.000,0.000,0.168,0.355,0.388,2.05,6.20
strong_gust,correction_off,1.10,4.644,12.385,0.00,0.00,0.000,0.000,0.173,0.363,0.397,2.11,6.24
strong_gust,correction_off,1.15,4.680,12.481,0.00,0.00,0.000,0.000,0.175,0.367,0.401,2.16,6.26
strong_gust,correction_off,1.20,4.712,12.565,0.00,0.00,0.000,0.000,0.181,0.375,0.410,2.21,6.28
strong_gust,correction_off,1.25,4.739,12.636,0.00,0.00,0.000,0.000,0.184,0.378,0.413,2.26,6.28
strong_gust,correction_off,1.30,4.761,12.695,0.00,0.00,0.000,0.000,0.188,0.384,0.420,2.30,6.28
strong_gust,correction_off,1.35,4.778,12.741,0.00,0.00,0.000,0.000,0.191,0.387,0.424,2.35,6.29
strong_gust,correction_off,1.40,4.790,12.774,0.00,0.00,0.000,0.000,0.196,0.393,0.431,2.39,6.31
strong_gust,correction_off,1.45,4.798,12.793,0.00,0.00,0.000,0.000,0.199,0.396,0.434,2.43,6.33
strong_gust,correction_off,1.50,4.800,12.800,0.00,0.00,0.000,0.000,0.204,0.401,0.441,2.48,6.37
strong_gust,correction_off,1.55,4.798,12.793,0.00,0.00,0.000,0.000,0.206,0.404,0.444,2.52,6.41
strong_gust,correction_off,1.60,4.790,12.774,0.00,0.00,0.000,0.000,0.212,0.411,0.452,2.57,6.47
strong_gust,correction_off,1.65,4.778,12.741,0.00,0.00,0.000,0.000,0.214,0.414,0.456,2.61,6.54
strong_gust,correction_off,1.70,4.761,12.695,0.00,0.00,0.000,0.000,0.218,0.421,0.463,2.66,6.62
strong_gust,correction_off,1.75,4.739,12.636,0.00,0.00,0.000,0.000,0.220,0.424,0.467,2.71,6.70
strong_gust,correction_off,1.80,4.712,12.565,0.00,0.00,0.000,0.000,0.224,0.432,0.476,2.76,6.80
strong_gust,correction_off,1.85,4.680,12.481,0.00,0.00,0.000,0.000,0.226,0.435,0.479,2.81,6.90
strong_gust,correction_off,1.90,4.644,12.385,0.00,0.00,0.000,0.000,0.230,0.442,0.487,2.86,7.01
strong_gust,correction_off,1.95,4.604,12.277,0.00,0.00,0.000,0.000,0.232,0.446,0.491,2.90,7.11
strong_gust,correction_off,2.00,4.559,12.157,0.00,0.00,0.000,0.000,0.234,0.543,0.585,3.19,9.00
strong_gust,correction_off,2.05,4.510,12.026,0.00,0.00,0.000,0.000,0.234,0.543,0.585,3.19,9.00
strong_gust,correction_off,2.10,4.456,11.883,0.00,0.00,0.000,0.000,0.232,0.544,0.586,3.19,9.03
strong_gust,correction_off,2.15,4.399,11.730,0.00,0.00,0.000,0.000,0.231,0.545,0.586,3.18,9.05
strong_gust,correction_off,2.20,4.338,11.567,0.00,0.00,0.000,0.000,0.228,0.545,0.586,3.18,9.07
strong_gust,correction_off,2.25,4.273,11.394,0.00,0.00,0.000,0.000,0.227,0.545,0.586,3.17,9.08
strong_gust,correction_off,2.30,4.204,11.212,0.00,0.00,0.000,0.000,0.225,0.544,0.585,3.17,9.09
strong_gust,correction_off,2.35,4.133,11.021,0.00,0.00,0.000,0.000,0.224,0.544,0.584,3.16,9.09
strong_gust,correction_off,2.40,4.058,10.821,0.00,0.00,0.000,0.000,0.222,0.543,0.582,3.16,9.10
strong_gust,correction_off,2.45,3.980,10.614,0.00,0.00,0.000,0.000,0.221,0.542,0.581,3.16,9.09
strong_gust,correction_off,2.50,3.900,10.400,0.00,0.00,0.000,0.000,0.219,0.540,0.579,3.16,9.09
strong_gust,correction_off,2.55,3.817,10.179,0.00,0.00,0.000,0.000,0.218,0.538,0.577,3.16,9.08
strong_gust,correction_off,2.60,3.732,9.952,0.00,0.00,0.000,0.000,0.216,0.535,0.574,3.16,9.07
strong_gust,correction_off,2.65,3.645,9.720,0.00,0.00,0.000,0.000,0.215,0.533,0.572,3.16,9.06
strong_gust,correction_off,2.70,3.556,9.483,0.00,0.00,0.000,0.000,0.214,0.529,0.567,3.17,9.04
strong_gust,correction_off,2.75,3.466,9.242,0.00,0.00,0.000,0.000,0.213,0.526,0.565,3.18,9.02
strong_gust,correction_off,2.80,3.374,8.998,0.00,0.00,0.000,0.000,0.211,0.521,0.559,3.19,9.00
strong_gust,correction_off,2.85,3.282,8.751,0.00,0.00,0.000,0.000,0.210,0.518,0.556,3.19,8.98
strong_gust,correction_off,2.90,3.188,8.502,0.00,0.00,0.000,0.000,0.208,0.512,0.549,3.20,8.95
strong_gust,correction_off,2.95,3.094,8.251,0.00,0.00,0.000,0.000,0.208,0.509,0.546,3.21,8.92
strong_gust,correction_off,3.00,3.000,8.000,0.00,0.00,0.000,0.000,0.201,0.369,0.409,3.58,8.24
strong_gust,correction_off,3.05,2.906,7.749,0.00,0.00,0.000,0.000,0.201,0.369,0.409,3.58,8.24
strong_gust,correction_off,3.10,2.812,7.498,0.00,0.00,0.000,0.000,0.200,0.360,0.400,3.60,8.22
strong_gust,correction_off,3.15,2.718,7.249,0.00,0.00,0.000,0.000,0.200,0.356,0.396,3.61,8.20
strong_gust,correction_off,3.20,2.626,7.002,0.00,0.00,0.000,0.000,0.199,0.345,0.386,3.62,8.20
strong_gust,correction_off,3.25,2.534,6.758,0.00,0.00,0.000,0.000,0.199,0.341,0.381,3.64,8.19
strong_gust,correction_off,3.30,2.444,6.517,0.00,0.00,0.000,0.000,0.198,0.331,0.372,3.65,8.17
strong_gust,correction_off,3.35,2.355,6.280,0.00,0.00,0.000,0.000,0.198,0.326,0.367,3.65,8.15
strong_gust,correction_off,3.40,2.268,6.048,0.00,0.00,0.000,0.000,0.197,0.315,0.356,3.66,8.11
strong_gust,correction_off,3.45,2.183,5.821,0.00,0.00,0.000,0.000,0.196,0.310,0.350,3.66,8.07
strong_gust,correction_off,3.50,2.100,5.600,0.00,0.00,0.000,0.000,0.194,0.299,0.340,3.65,8.01
strong_gust,correction_off,3.55,2.020,5.386,0.00,0.00,0.000,0.000,0.193,0.294,0.334,3.64,7.94
strong_gust,correction_off,3.60,1.942,5.179,0.00,0.00,0.000,0.000,0.190,0.281,0.321,3.62,7.86
strong_gust,correction_off,3.65,1.867,4.979,0.00,0.00,0.000,0.000,0.189,0.275,0.315,3.60,7.77
strong_gust,correction_off,3.70,1.796,4.788,0.00,0.00,0.000,0.000,0.186,0.264,0.303,3.57,7.67
strong_gust,correction_off,3.75,1.727,4.606,0.00,0.00,0.000,0.000,0.184,0.258,0.297,3.53,7.58
strong_gust,correction_off,3.80,1.662,4.433,0.00,0.00,0.000,0.000,0.181,0.244,0.283,3.49,7.47
strong_gust,correction_off,3.85,1.601,4.270,0.00,0.00,0.000,0.000,0.179,0.238,0.277,3.44,7.36
strong_gust,correction_off,3.90,1.544,4.117,0.00,0.00,0.000,0.000,0.176,0.225,0.264,3.40,7.25
strong_gust,correction_off,3.95,1.490,3.974,0.00,0.00,0.000,0.000,0.175,0.219,0.257,3.35,7.14
strong_gust,correction_off,4.00,1.441,3.843,0.00,0.00,0.000,0.000,0.162,0.008,0.074,3.11,5.15
strong_gust,correction_off,4.05,1.396,3.723,0.00,0.00,0.000,0.000,0.162,0.008,0.074,3.11,5.15
strong_gust,correction_off,4.10,1.356,3.615,0.00,0.00,0.000,0.000,0.159,-0.002,0.068,3.10,5.12
strong_gust,correction_off,4.15,1.320,3.519,0.00,0.00,0.000,0.000,0.158,-0.006,0.065,3.09,5.10
strong_gust,correction_off,4.20,1.288,3.435,0.00,0.00,0.000,0.000,0.155,-0.014,0.061,3.08,5.10
strong_gust,correction_off,4.25,1.261,3.364,0.00,0.00,0.000,0.000,0.154,-0.017,0.059,3.06,5.09
strong_gust,correction_off,4.30,1.239,3.305,0.00,0.00,0.000,0.000,0.150,-0.026,0.055,3.04,5.09
strong_gust,correction_off,4.35,1.222,3.259,0.00,0.00,0.000,0.000,0.149,-0.029,0.053,3.02,5.07
strong_gust,correction_off,4.40,1.210,3.226,0.00,0.00,0.000,0.000,0.145,-0.037,0.050,2.99,5.05
strong_gust,correction_off,4.45,1.202,3.207,0.00,0.00,0.000,0.000,0.143,-0.040,0.050,2.96,5.02
strong_gust,correction_off,4.50,1.200,3.200,0.00,0.00,0.000,0.000,0.139,-0.048,0.049,2.92,4.98
strong_gust,correction_off,4.55,1.202,3.207,0.00,0.00,0.000,0.000,0.137,-0.052,0.049,2.87,4.93
strong_gust,correction_off,4.60,1.210,3.226,0.00,0.00,0.000,0.000,0.133,-0.059,0.050,2.82,4.87
strong_gust,correction_off,4.65,1.222,3.259,0.00,0.00,0.000,0.000,0.131,-0.063,0.051,2.77,4.81
strong_gust,correction_off,4.70,1.239,3.305,0.00,0.00,0.000,0.000,0.126,-0.072,0.055,2.72,4.73
strong_gust,correction_off,4.75,1.261,3.364,0.00,0.00,0.000,0.000,0.124,-0.076,0.058,2.66,4.65
strong_gust,correction_off,4.80,1.288,3.435,0.00,0.00,0.000,0.000,0.120,-0.085,0.064,2.60,4.56
strong_gust,correction_off,4.85,1.320,3.519,0.00,0.00,0.000,0.000,0.118,-0.090,0.068,2.55,4.47
strong_gust,correction_off,4.90,1.356,3.615,0.00,0.00,0.000,0.000,0.113,-0.101,0.077,2.49,4.37
strong_gust,correction_off,4.95,1.396,3.723,0.00,0.00,0.000,0.000,0.112,-0.106,0.082,2.43,4.27
strong_gust,correction_off,5.00,1.441,3.843,0.00,0.00,0.000,0.000,0.066,-0.267,0.243,1.74,2.24
strong_gust,correction_off,5.05,1.490,3.974,0.00,0.00,0.000,0.000,0.066,-0.267,0.243,1.74,2.24
strong_gust,correction_off,5.10,1.544,4.117,0.00,0.00,0.000,0.000,0.066,-0.273,0.248,1.75,2.21
strong_gust,correction_off,5.15,1.601,4.270,0.00,0.00,0.000,0.000,0.067,-0.275,0.251,1.76,2.19
strong_gust,correction_off,5.20,1.662,4.433,0.00,0.00,0.000,0.000,0.067,-0.279,0.255,1.77,2.17
strong_gust,correction_off,5.25,1.727,4.606,0.00,0.00,0.000,0.000,0.068,-0.281,0.257,1.79,2.16
strong_gust,correction_off,5.30,1.796,4.788,0.00,0.00,0.000,0.000,0.069,-0.285,0.261,1.80,2.14
strong_gust,correction_off,5.35,1.867,4.979,0.00,0.00,0.000,0.000,0.069,-0.287,0.262,1.82,2.13
strong_gust,correction_off,5.40,1.942,5.179,0.00,0.00,0.000,0.000,0.070,-0.290,0.265,1.84,2.12
strong_gust,correction_off,5.45,2.020,5.386,0.00,0.00,0.000,0.000,0.071,-0.291,0.266,1.85,2.11
strong_gust,correction_off,5.50,2.100,5.600,0.00,0.00,0.000,0.000,0.072,-0.293,0.268,1.87,2.10
strong_gust,correction_off,5.55,2.183,5.821,0.00,0.00,0.000,0.000,0.072,-0.294,0.269,1.88,2.10
strong_gust,correction_off,5.60,2.268,6.048,0.00,0.00,0.000,0.000,0.074,-0.294,0.269,1.89,2.10
strong_gust,correction_off,5.65,2.355,6.280,0.00,0.00,0.000,0.000,0.075,-0.294,0.269,1.90,2.10
strong_gust,correction_off,5.70,2.444,6.517,0.00,0.00,0.000,0.000,0.076,-0.293,0.268,1.92,2.11
strong_gust,correction_off,5.75,2.534,6.758,0.00,0.00,0.000,0.000,0.077,-0.292,0.267,1.93,2.12
strong_gust,correction_off,5.80,2.626,7.002,0.00,0.00,0.000,0.000,0.078,-0.291,0.265,1.94,2.14
strong_gust,correction_off,5.85,2.718,7.249,0.00,0.00,0.000,0.000,0.078,-0.289,0.264,1.96,2.16
strong_gust,correction_off,5.90,2.812,7.498,0.00,0.00,0.000,0.000,0.079,-0.287,0.261,1.97,2.19
strong_gust,correction_off,5.95,2.906,7.749,0.00,0.00,0.000,0.000,0.079,-0.285,0.260,1.98,2.22
strong_gust,correction_off,6.00,3.000,8.000,0.00,0.00,0.000,0.000,0.075,-0.214,0.189,1.89,2.72
strong_gust,correction_off,6.05,3.094,8.251,0.00,0.00,0.000,0.000,0.075,-0.214,0.189,1.89,2.72
strong_gust,correction_off,6.10,3.188,8.502,0.00,0.00,0.000,0.000,0.076,-0.210,0.185,1.89,2.72
strong_gust,correction_off,6.15,3.282,8.751,0.00,0.00,0.000,0.000,0.076,-0.209,0.184,1.90,2.71
strong_gust,correction_off,6.20,3.374,8.998,0.00,0.00,0.000,0.000,0.077,-0.205,0.180,1.90,2.69
strong_gust,correction_off,6.25,3.466,9.242,0.00,0.00,0.000,0.000,0.078,-0.203,0.178,1.90,2.67
strong_gust,correction_off,6.30,3.556,9.483,0.00,0.00,0.000,0.000,0.079,-0.198,0.173,1.90,2.66
strong_gust,correction_off,6.35,3.645,9.720,0.00,0.00,0.000,0.000,0.080,-0.195,0.170,1.91,2.66
strong_gust,correction_off,6.40,3.732,9.952,0.00,0.00,0.000,0.000,0.081,-0.189,0.164,1.92,2.68
strong_gust,correction_off,6.45,3.817,10.179,0.00,0.00,0.000,0.000,0.082,-0.186,0.161,1.94,2.71
strong_gust,correction_off,6.50,3.900,10.400,0.00,0.00,0.000,0.000,0.084,-0.178,0.152,1.97,2.75
strong_gust,correction_off,6.55,3.980,10.614,0.00,0.00,0.000,0.000,0.085,-0.174,0.148,2.01,2.81
strong_gust,correction_off,6.60,4.058,10.821,0.00,0.00,0.000,0.000,0.087,-0.166,0.140,2.05,2.89
strong_gust,correction_off,6.65,4.133,11.021,0.00,0.00,0.000,0.000,0.088,-0.161,0.135,2.09,2.98
strong_gust,correction_off,6.70,4.204,11.212,0.00,0.00,0.000,0.000,0.091,-0.151,0.125,2.14,3.09
strong_gust,correction_off,6.75,4.273,11.394,0.00,0.00,0.000,0.000,0.092,-0.146,0.120,2.19,3.20
strong_gust,correction_off,6.80,4.338,11.567,0.00,0.00,0.000,0.000,0.094,-0.136,0.110,2.24,3.32
strong_gust,correction_off,6.85,4.399,11.730,0.00,0.00,0.000,0.000,0.095,-0.131,0.105,2.29,3.44
strong_gust,correction_off,6.90,4.456,11.883,0.00,0.00,0.000,0.000,0.098,-0.119,0.093,2.34,3.57
strong_gust,correction_off,6.95,4.510,12.026,0.00,0.00,0.000,0.000,0.099,-0.114,0.088,2.39,3.69
strong_gust,correction_off,7.00,4.559,12.157,0.00,0.00,0.000,0.000,0.139,0.041,0.079,3.20,5.47
strong_gust,correction_off,7.05,4.604,12.277,0.00,0.00,0.000,0.000,0.139,0.041,0.079,3.20,5.47
strong_gust,correction_off,7.10,4.644,12.385,0.00,0.00,0.000,0.000,0.137,0.049,0.085,3.19,5.51
strong_gust,correction_off,7.15,4.680,12.481,0.00,0.00,0.000,0.000,0.137,0.052,0.088,3.17,5.54
strong_gust,correction_off,7.20,4.712,12.565,0.00,0.00,0.000,0.000,0.135,0.059,0.093,3.16,5.56
strong_gust,correction_off,7.25,4.739,12.636,0.00,0.00,0.000,0.000,0.135,0.062,0.096,3.14,5.58
strong_gust,correction_off,7.30,4.761,12.695,0.00,0.00,0.000,0.000,0.133,0.069,0.102,3.12,5.60
strong_gust,correction_off,7.35,4.778,12.741,0.00,0.00,0.000,0.000,0.133,0.073,0.105,3.10,5.63
strong_gust,correction_off,7.40,4.790,12.774,0.00,0.00,0.000,0.000,0.132,0.079,0.111,3.09,5.67
strong_gust,correction_off,7.45,4.798,12.793,0.00,0.00,0.000,0.000,0.131,0.083,0.115,3.09,5.72
strong_gust,correction_off,7.50,4.800,12.800,0.00,0.00,0.000,0.000,0.131,0.091,0.122,3.09,5.78
strong_gust,correction_off,7.55,4.798,12.793,0.00,0.00,0.000,0.000,0.131,0.095,0.126,3.10,5.84
strong_gust,correction_off,7.60,4.790,12.774,0.00,0.00,0.000,0.000,0.132,0.102,0.133,3.13,5.92
strong_gust,correction_off,7.65,4.778,12.741,0.00,0.00,0.000,0.000,0.132,0.107,0.137,3.16,6.01
strong_gust,correction_off,7.70,4.761,12.695,0.00,0.00,0.000,0.000,0.132,0.116,0.147,3.20,6.10
strong_gust,correction_off,7.75,4.739,12.636,0.00,0.00,0.000,0.000,0.132,0.120,0.151,3.25,6.20
strong_gust,correction_off,7.80,4.712,12.565,0.00,0.00,0.000,0.000,0.133,0.129,0.160,3.30,6.31
strong_gust,correction_off,7.85,4.680,12.481,0.00,0.00,0.000,0.000,0.133,0.134,0.164,3.34,6.41
strong_gust,correction_off,7.90,4.644,12.385,0.00,0.00,0.000,0.000,0.135,0.144,0.175,3.39,6.53
strong_gust,correction_off,7.95,4.604,12.277,0.00,0.00,0.000,0.000,0.136,0.149,0.179,3.44,6.64
strong_gust,correction_off,8.00,4.559,12.157,0.00,0.00,0.000,0.000,0.186,0.277,0.316,4.51,8.33
strong_gust,correction_off,8.05,4.510,12.026,0.00,0.00,0.000,0.000,0.186,0.277,0.316,4.51,8.33
strong_gust,correction_off,8.10,4.456,11.883,0.00,0.00,0.000,0.000,0.189,0.280,0.320,4.54,8.35
strong_gust,correction_off,8.15,4.399,11.730,0.00,0.00,0.000,0.000,0.191,0.282,0.322,4.56,8.36
strong_gust,correction_off,8.20,4.338,11.567,0.00,0.00,0.000,0.000,0.194,0.284,0.325,4.59,8.37
strong_gust,correction_off,8.25,4.273,11.394,0.00,0.00,0.000,0.000,0.195,0.285,0.327,4.61,8.38
strong_gust,correction_off,8.30,4.204,11.212,0.00,0.00,0.000,0.000,0.199,0.288,0.330,4.63,8.38
strong_gust,correction_off,8.35,4.133,11.021,0.00,0.00,0.000,0.000,0.200,0.289,0.331,4.66,8.38
strong_gust,correction_off,8.40,4.058,10.821,0.00,0.00,0.000,0.000,0.203,0.290,0.334,4.68,8.39
strong_gust,correction_off,8.45,3.980,10.614,0.00,0.00,0.000,0.000,0.204,0.291,0.335,4.70,8.39
strong_gust,correction_off,8.50,3.900,10.400,0.00,0.00,0.000,0.000,0.208,0.292,0.337,4.72,8.38
strong_gust,correction_off,8.55,3.817,10.179,0.00,0.00,0.000,0.000,0.209,0.292,0.338,4.74,8.38
strong_gust,correction_off,8.60,3.732,9.952,0.00,0.00,0.000,0.000,0.212,0.292,0.338,4.76,8.38
strong_gust,correction_off,8.65,3.645,9.720,0.00,0.00,0.000,0.000,0.213,0.292,0.338,4.78,8.37
strong_gust,correction_off,8.70,3.556,9.483,0.00,0.00,0.000,0.000,0.215,0.291,0.339,4.80,8.36
strong_gust,correction_off,8.75,3.466,9.242,0.00,0.00,0.000,0.000,0.216,0.291,0.339,4.82,8.35
strong_gust,correction_off,8.80,3.374,8.998,0.00,0.00,0.000,0.000,0.218,0.291,0.339,4.84,8.33
strong_gust,correction_off,8.85,3.282,8.751,0.00,0.00,0.000,0.000,0.218,0.290,0.339,4.86,8.32
strong_gust,correction_off,8.90,3.188,8.502,0.00,0.00,0.000,0.000,0.220,0.289,0.339,4.87,8.31
strong_gust,correction_off,8.95,3.094,8.251,0.00,0.00,0.000,0.000,0.221,0.289,0.339,4.88,8.30
strong_gust,correction_off,9.00,3.000,8.000,0.00,0.00,0.000,0.000,0.221,0.253,0.306,4.93,8.16
strong_gust,correction_off,9.05,2.906,7.749,0.00,0.00,0.000,0.000,0.221,0.253,0.306,4.93,8.16
strong_gust,correction_off,9.10,2.812,7.498,0.00,0.00,0.000,0.000,0.221,0.248,0.302,4.94,8.14
strong_gust,correction_off,9.15,2.718,7.249,0.00,0.00,0.000,0.000,0.220,0.247,0.300,4.94,8.13
strong_gust,correction_off,9.20,2.626,7.002,0.00,0.00,0.000,0.000,0.219,0.243,0.296,4.95,8.11
strong_gust,correction_off,9.25,2.534,6.758,0.00,0.00,0.000,0.000,0.219,0.242,0.295,4.96,8.09
strong_gust,correction_off,9.30,2.444,6.517,0.00,0.00,0.000,0.000,0.218,0.238,0.291,4.96,8.07
strong_gust,correction_off,9.35,2.355,6.280,0.00,0.00,0.000,0.000,0.217,0.236,0.289,4.96,8.05
strong_gust,correction_off,9.40,2.268,6.048,0.00,0.00,0.000,0.000,0.217,0.232,0.285,4.97,8.04
strong_gust,correction_off,9.45,2.183,5.821,0.00,0.00,0.000,0.000,0.217,0.230,0.284,4.97,8.03
strong_gust,correction_off,9.50,2.100,5.600,0.00,0.00,0.000,0.000,0.217,0.226,0.280,4.98,8.01
strong_gust,correction_off,9.55,2.020,5.386,0.00,0.00,0.000,0.000,0.217,0.224,0.278,4.98,8.00
strong_gust,correction_off,9.60,1.942,5.179,0.00,0.00,0.000,0.000,0.217,0.221,0.275,4.99,7.99
strong_gust,correction_off,9.65,1.867,4.979,0.00,0.00,0.000,0.000,0.217,0.219,0.273,5.01,7.98
strong_gust,correction_off,9.70,1.796,4.788,0.00,0.00,0.000,0.000,0.218,0.214,0.269,5.03,7.96
strong_gust,correction_off,9.75,1.727,4.606,0.00,0.00,0.000,0.000,0.218,0.212,0.267,5.04,7.95
strong_gust,correction_off,9.80,1.662,4.433,0.00,0.00,0.000,0.000,0.218,0.207,0.263,5.07,7.93
strong_gust,correction_off,9.85,1.601,4.270,0.00,0.00,0.000,0.000,0.219,0.204,0.261,5.09,7.92
strong_gust,correction_off,9.90,1.544,4.117,0.00,0.00,0.000,0.000,0.219,0.198,0.256,5.11,7.90
strong_gust,correction_off,9.95,1.490,3.974,0.00,0.00,0.000,0.000,0.220,0.195,0.254,5.12,7.88
strong_gust,correction_off,10.00,1.441,3.843,0.00,0.00,0.000,0.000,0.215,0.122,0.190,5.28,7.59
strong_gust,correction_off,10.05,1.396,3.723,0.00,0.00,0.000,0.000,0.215,0.122,0.190,5.28,7.59
strong_gust,correction_off,10.10,1.356,3.615,0.00,0.00,0.000,0.000,0.214,0.118,0.187,5.29,7.60
strong_gust,correction_off,10.15,1.320,3.519,0.00,0.00,0.000,0.000,0.214,0.117,0.185,5.31,7.62
strong_gust,correction_off,10.20,1.288,3.435,0.00,0.00,0.000,0.000,0.212,0.113,0.181,5.33,7.65
strong_gust,correction_off,10.25,1.261,3.364,0.00,0.00,0.000,0.000,0.211,0.111,0.179,5.35,7.67
strong_gust,correction_off,10.30,1.239,3.305,0.00,0.00,0.000,0.000,0.208,0.105,0.173,5.36,7.69
strong_gust,correction_off,10.35,1.222,3.259,0.00,0.00,0.000,0.000,0.206,0.102,0.169,5.36,7.68
strong_gust,correction_off,10.40,1.210,3.226,0.00,0.00,0.000,0.000,0.203,0.096,0.162,5.33,7.64
strong_gust,correction_off,10.45,1.202,3.207,0.00,0.00,0.000,0.000,0.201,0.092,0.158,5.30,7.59
strong_gust,correction_off,10.50,1.200,3.200,0.00,0.00,0.000,0.000,0.196,0.082,0.147,5.24,7.49
strong_gust,correction_off,10.55,1.202,3.207,0.00,0.00,0.000,0.000,0.193,0.077,0.142,5.19,7.40
strong_gust,correction_off,10.60,1.210,3.226,0.00,0.00,0.000,0.000,0.188,0.066,0.130,5.08,7.23
strong_gust,correction_off,10.65,1.222,3.259,0.00,0.00,0.000,0.000,0.184,0.060,0.123,5.01,7.11
strong_gust,correction_off,10.70,1.239,3.305,0.00,0.00,0.000,0.000,0.176,0.044,0.107,4.88,6.89
strong_gust,correction_off,10.75,1.261,3.364,0.00,0.00,0.000,0.000,0.172,0.037,0.099,4.78,6.74
strong_gust,correction_off,10.80,1.288,3.435,0.00,0.00,0.000,0.000,0.163,0.021,0.082,4.62,6.48
strong_gust,correction_off,10.85,1.320,3.519,0.00,0.00,0.000,0.000,0.159,0.013,0.074,4.51,6.30
strong_gust,correction_off,10.90,1.356,3.615,0.00,0.00,0.000,0.000,0.149,-0.006,0.057,4.34,6.02
strong_gust,correction_off,10.95,1.396,3.723,0.00,0.00,0.000,0.000,0.145,-0.015,0.050,4.21,5.83
strong_gust,correction_off,11.00,1.441,3.843,0.00,0.00,0.000,0.000,0.011,-0.315,0.301,2.17,1.90
strong_gust,correction_off,11.05,1.490,3.974,0.00,0.00,0.000,0.000,0.011,-0.315,0.301,2.17,1.90
strong_gust,correction_off,11.10,1.544,4.117,0.00,0.00,0.000,0.000,0.007,-0.327,0.314,2.15,1.82
strong_gust,correction_off,11.15,1.601,4.270,0.00,0.00,0.000,0.000,0.005,-0.332,0.319,2.13,1.78
strong_gust,correction_off,11.20,1.662,4.433,0.00,0.00,0.000,0.000,0.002,-0.341,0.329,2.12,1.73
strong_gust,correction_off,11.25,1.727,4.606,0.00,0.00,0.000,0.000,0.001,-0.346,0.333,2.11,1.71
strong_gust,correction_off,11.30,1.796,4.788,0.00,0.00,0.000,0.000,-0.002,-0.354,0.342,2.10,1.68
strong_gust,correction_off,11.35,1.867,4.979,0.00,0.00,0.000,0.000,-0.003,-0.358,0.346,2.10,1.66
strong_gust,correction_off,11.40,1.942,5.179,0.00,0.00,0.000,0.000,-0.004,-0.364,0.352,2.10,1.64
strong_gust,correction_off,11.45,2.020,5.386,0.00,0.00,0.000,0.000,-0.004,-0.366,0.355,2.11,1.64
strong_gust,correction_off,11.50,2.100,5.600,0.00,0.00,0.000,0.000,-0.005,-0.371,0.359,2.12,1.63
strong_gust,correction_off,11.55,2.183,5.821,0.00,0.00,0.000,0.000,-0.005,-0.373,0.361,2.13,1.64
strong_gust,correction_off,11.60,2.268,6.048,0.00,0.00,0.000,0.000,-0.006,-0.375,0.364,2.15,1.65
strong_gust,correction_off,11.65,2.355,6.280,0.00,0.00,0.000,0.000,-0.006,-0.376,0.365,2.17,1.66
strong_gust,correction_off,11.70,2.444,6.517,0.00,0.00,0.000,0.000,-0.007,-0.378,0.366,2.19,1.68
strong_gust,correction_off,11.75,2.534,6.758,0.00,0.00,0.000,0.000,-0.007,-0.378,0.367,2.19,1.70
strong_gust,correction_off,11.80,2.626,7.002,0.00,0.00,0.000,0.000,-0.008,-0.378,0.367,2.21,1.73
strong_gust,correction_off,11.85,2.718,7.249,0.00,0.00,0.000,0.000,-0.008,-0.378,0.367,2.22,1.75
strong_gust,correction_off,11.90,2.812,7.498,0.00,0.00,0.000,0.000,-0.009,-0.377,0.366,2.22,1.79
strong_gust,correction_off,11.95,2.906,7.749,0.00,0.00,0.000,0.000,-0.010,-0.376,0.366,2.23,1.82
strong_gust,correction_off,12.00,3.000,8.000,0.00,0.00,0.000,0.000,-0.025,-0.312,0.310,2.10,2.40
strong_gust,correction_off,12.05,3.094,8.251,0.00,0.00,0.000,0.000,-0.025,-0.312,0.310,2.10,2.40
strong_gust,correction_off,12.10,3.188,8.502,0.00,0.00,0.000,0.000,-0.024,-0.307,0.306,2.10,2.40
strong_gust,correction_off,12.15,3.282,8.751,0.00,0.00,0.000,0.000,-0.024,-0.305,0.304,2.10,2.39
strong_gust,correction_off,12.20,3.374,8.998,0.00,0.00,0.000,0.000,-0.023,-0.300,0.299,2.09,2.37
strong_gust,correction_off,12.25,3.466,9.242,0.00,0.00,0.000,0.000,-0.023,-0.298,0.297,2.09,2.36
strong_gust,correction_off,12.30,3.556,9.483,0.00,0.00,0.000,0.000,-0.022,-0.292,0.290,2.09,2.36
strong_gust,correction_off,12.35,3.645,9.720,0.00,0.00,0.000,0.000,-0.021,-0.289,0.287,2.09,2.37
strong_gust,correction_off,12.40,3.732,9.952,0.00,0.00,0.000,0.000,-0.019,-0.282,0.281,2.11,2.40
strong_gust,correction_off,12.45,3.817,10.179,0.00,0.00,0.000,0.000,-0.018,-0.279,0.278,2.13,2.43
strong_gust,correction_off,12.50,3.900,10.400,0.00,0.00,0.000,0.000,-0.016,-0.271,0.270,2.16,2.48
strong_gust,correction_off,12.55,3.980,10.614,0.00,0.00,0.000,0.000,-0.015,-0.268,0.266,2.19,2.53
strong_gust,correction_off,12.60,4.058,10.821,0.00,0.00,0.000,0.000,-0.012,-0.260,0.258,2.25,2.61
strong_gust,correction_off,12.65,4.133,11.021,0.00,0.00,0.000,0.000,-0.011,-0.256,0.254,2.29,2.68
strong_gust,correction_off,12.70,4.204,11.212,0.00,0.00,0.000,0.000,-0.007,-0.246,0.243,2.36,2.78
strong_gust,correction_off,12.75,4.273,11.394,0.00,0.00,0.000,0.000,-0.006,-0.242,0.239,2.41,2.85
strong_gust,correction_off,12.80,4.338,11.567,0.00,0.00,0.000,0.000,-0.003,-0.232,0.228,2.48,2.97
strong_gust,correction_off,12.85,4.399,11.730,0.00,0.00,0.000,0.000,-0.002,-0.227,0.223,2.53,3.06
strong_gust,correction_off,12.90,4.456,11.883,0.00,0.00,0.000,0.000,0.002,-0.215,0.211,2.61,3.20
strong_gust,correction_off,12.95,4.510,12.026,0.00,0.00,0.000,0.000,0.003,-0.209,0.205,2.67,3.29
strong_gust,correction_off,13.00,4.559,12.157,0.00,0.00,0.000,0.000,0.076,-0.020,0.021,3.85,5.26
strong_gust,correction_off,13.05,4.604,12.277,0.00,0.00,0.000,0.000,0.076,-0.020,0.021,3.85,5.26
strong_gust,correction_off,13.10,4.644,12.385,0.00,0.00,0.000,0.000,0.081,-0.012,0.021,3.89,5.28
strong_gust,correction_off,13.15,4.680,12.481,0.00,0.00,0.000,0.000,0.083,-0.008,0.022,3.90,5.29
strong_gust,correction_off,13.20,4.712,12.565,0.00,0.00,0.000,0.000,0.087,-0.002,0.026,3.93,5.30
strong_gust,correction_off,13.25,4.739,12.636,0.00,0.00,0.000,0.000,0.089,0.002,0.029,3.93,5.30
strong_gust,correction_off,13.30,4.761,12.695,0.00,0.00,0.000,0.000,0.093,0.009,0.035,3.95,5.31
strong_gust,correction_off,13.35,4.778,12.741,0.00,0.00,0.000,0.000,0.095,0.012,0.038,3.96,5.31
strong_gust,correction_off,13.40,4.790,12.774,0.00,0.00,0.000,0.000,0.098,0.018,0.044,3.98,5.33
strong_gust,correction_off,13.45,4.798,12.793,0.00,0.00,0.000,0.000,0.100,0.021,0.047,3.99,5.36
strong_gust,correction_off,13.50,4.800,12.800,0.00,0.00,0.000,0.000,0.104,0.028,0.055,4.02,5.40
strong_gust,correction_off,13.55,4.798,12.793,0.00,0.00,0.000,0.000,0.106,0.031,0.058,4.05,5.43
strong_gust,correction_off,13.60,4.790,12.774,0.00,0.00,0.000,0.000,0.110,0.038,0.066,4.09,5.50
strong_gust,correction_off,13.65,4.778,12.741,0.00,0.00,0.000,0.000,0.111,0.042,0.070,4.13,5.55
strong_gust,correction_off,13.70,4.761,12.695,0.00,0.00,0.000,0.000,0.116,0.050,0.079,4.18,5.63
strong_gust,correction_off,13.75,4.739,12.636,0.00,0.00,0.000,0.000,0.118,0.054,0.083,4.23,5.69
strong_gust,correction_off,13.80,4.712,12.565,0.00,0.00,0.000,0.000,0.123,0.062,0.092,4.30,5.79
strong_gust,correction_off,13.85,4.680,12.481,0.00,0.00,0.000,0.000,0.125,0.066,0.097,4.35,5.87
strong_gust,correction_off,13.90,4.644,12.385,0.00,0.00,0.000,0.000,0.131,0.076,0.108,4.42,5.98
strong_gust,correction_off,13.95,4.604,12.277,0.00,0.00,0.000,0.000,0.134,0.081,0.113,4.48,6.06
strong_gust,correction_off,14.00,4.559,12.157,0.00,0.00,0.000,0.000,0.253,0.236,0.306,6.03,7.88
strong_gust,correction_off,14.05,4.510,12.026,0.00,0.00,0.000,0.000,0.253,0.236,0.306,6.03,7.88
strong_gust,correction_off,14.10,4.456,11.883,0.00,0.00,0.000,0.000,0.259,0.242,0.314,6.07,7.91
strong_gust,correction_off,14.15,4.399,11.730,0.00,0.00,0.000,0.000,0.262,0.244,0.317,6.10,7.93
strong_gust,correction_off,14.20,4.338,11.567,0.00,0.00,0.000,0.000,0.266,0.247,0.322,6.13,7.95
strong_gust,correction_off,14.25,4.273,11.394,0.00,0.00,0.000,0.000,0.268,0.248,0.324,6.15,7.95
strong_gust,correction_off,14.30,4.204,11.212,0.00,0.00,0.000,0.000,0.271,0.251,0.328,6.17,7.96
strong_gust,correction_off,14.35,4.133,11.021,0.00,0.00,0.000,0.000,0.273,0.252,0.329,6.18,7.95
strong_gust,correction_off,14.40,4.058,10.821,0.00,0.00,0.000,0.000,0.275,0.253,0.331,6.18,7.95
strong_gust,correction_off,14.45,3.980,10.614,0.00,0.00,0.000,0.000,0.275,0.253,0.332,6.18,7.94
strong_gust,correction_off,14.50,3.900,10.400,0.00,0.00,0.000,0.000,0.277,0.254,0.333,6.17,7.92
strong_gust,correction_off,14.55,3.817,10.179,0.00,0.00,0.000,0.000,0.277,0.253,0.333,6.16,7.90
strong_gust,correction_off,14.60,3.732,9.952,0.00,0.00,0.000,0.000,0.278,0.253,0.333,6.15,7.88
strong_gust,correction_off,14.65,3.645,9.720,0.00,0.00,0.000,0.000,0.278,0.253,0.333,6.13,7.85
strong_gust,correction_off,14.70,3.556,9.483,0.00,0.00,0.000,0.000,0.279,0.252,0.332,6.11,7.83
strong_gust,correction_off,14.75,3.466,9.242,0.00,0.00,0.000,0.000,0.279,0.251,0.332,6.09,7.81
strong_gust,correction_off,14.80,3.374,8.998,0.00,0.00,0.000,0.000,0.278,0.249,0.330,6.07,7.79
strong_gust,correction_off,14.85,3.282,8.751,0.00,0.00,0.000,0.000,0.278,0.248,0.329,6.06,7.76
strong_gust,correction_off,14.90,3.188,8.502,0.00,0.00,0.000,0.000,0.278,0.245,0.327,6.04,7.74
strong_gust,correction_off,14.95,3.094,8.251,0.00,0.00,0.000,0.000,0.278,0.244,0.325,6.02,7.71
strong_gust,correction_off,15.00,3.000,8.000,0.00,0.00,0.000,0.000,0.274,0.164,0.261,6.09,7.15
strong_gust,correction_off,15.05,2.906,7.749,0.00,0.00,0.000,0.000,0.274,0.164,0.261,6.09,7.15
strong_gust,correction_off,15.10,2.812,7.498,0.00,0.00,0.000,0.000,0.271,0.159,0.255,6.08,7.14
strong_gust,correction_off,15.15,2.718,7.249,0.00,0.00,0.000,0.000,0.270,0.157,0.253,6.08,7.14
strong_gust,correction_off,15.20,2.626,7.002,0.00,0.00,0.000,0.000,0.268,0.153,0.248,6.08,7.15
strong_gust,correction_off,15.25,2.534,6.758,0.00,0.00,0.000,0.000,0.267,0.151,0.246,6.08,7.15
strong_gust,correction_off,15.30,2.444,6.517,0.00,0.00,0.000,0.000,0.264,0.145,0.240,6.07,7.15
strong_gust,correction_off,15.35,2.355,6.280,0.00,0.00,0.000,0.000,0.262,0.143,0.237,6.06,7.14
strong_gust,correction_off,15.40,2.268,6.048,0.00,0.00,0.000,0.000,0.259,0.138,0.231,6.05,7.13
strong_gust,correction_off,15.45,2.183,5.821,0.00,0.00,0.000,0.000,0.256,0.135,0.227,6.02,7.10
strong_gust,correction_off,15.50,2.100,5.600,0.00,0.00,0.000,0.000,0.251,0.128,0.218,5.99,7.07
strong_gust,correction_off,15.55,2.020,5.386,0.00,0.00,0.000,0.000,0.248,0.124,0.214,5.96,7.03
strong_gust,correction_off,15.60,1.942,5.179,0.00,0.00,0.000,0.000,0.243,0.117,0.205,5.89,6.96
strong_gust,correction_off,15.65,1.867,4.979,0.00,0.00,0.000,0.000,0.240,0.113,0.200,5.82,6.88
strong_gust,correction_off,15.70,1.796,4.788,0.00,0.00,0.000,0.000,0.232,0.104,0.189,5.76,6.80
strong_gust,correction_off,15.75,1.727,4.606,0.00,0.00,0.000,0.000,0.229,0.100,0.183,5.68,6.71
strong_gust,correction_off,15.80,1.662,4.433,0.00,0.00,0.000,0.000,0.222,0.091,0.172,5.60,6.62
strong_gust,correction_off,15.85,1.601,4.270,0.00,0.00,0.000,0.000,0.219,0.087,0.167,5.51,6.51
strong_gust,correction_off,15.90,1.544,4.117,0.00,0.00,0.000,0.000,0.211,0.076,0.154,5.42,6.41
strong_gust,correction_off,15.95,1.490,3.974,0.00,0.00,0.000,0.000,0.207,0.071,0.148,5.33,6.30
strong_gust,correction_off,16.00,1.441,3.843,0.00,0.00,0.000,0.000,0.095,-0.120,0.094,4.08,4.23
strong_gust,correction_off,16.05,1.396,3.723,0.00,0.00,0.000,0.000,0.095,-0.120,0.094,4.08,4.23
strong_gust,correction_off,16.10,1.356,3.615,0.00,0.00,0.000,0.000,0.093,-0.128,0.102,4.09,4.17
strong_gust,correction_off,16.15,1.320,3.519,0.00,0.00,0.000,0.000,0.092,-0.132,0.106,4.11,4.13
strong_gust,correction_off,16.20,1.288,3.435,0.00,0.00,0.000,0.000,0.090,-0.138,0.112,4.13,4.12
strong_gust,correction_off,16.25,1.261,3.364,0.00,0.00,0.000,0.000,0.089,-0.140,0.114,4.16,4.11
strong_gust,correction_off,16.30,1.239,3.305,0.00,0.00,0.000,0.000,0.087,-0.145,0.119,4.18,4.10
strong_gust,correction_off,16.35,1.222,3.259,0.00,0.00,0.000,0.000,0.086,-0.147,0.121,4.21,4.10
strong_gust,correction_off,16.40,1.210,3.226,0.00,0.00,0.000,0.000,0.083,-0.150,0.125,4.22,4.09
strong_gust,correction_off,16.45,1.202,3.207,0.00,0.00,0.000,0.000,0.082,-0.152,0.127,4.22,4.09
strong_gust,correction_off,16.50,1.200,3.200,0.00,0.00,0.000,0.000,0.079,-0.155,0.130,4.21,4.08
strong_gust,correction_off,16.55,1.202,3.207,0.00,0.00,0.000,0.000,0.077,-0.157,0.132,4.19,4.06
strong_gust,correction_off,16.60,1.210,3.226,0.00,0.00,0.000,0.000,0.074,-0.160,0.135,4.16,4.04
strong_gust,correction_off,16.65,1.222,3.259,0.00,0.00,0.000,0.000,0.072,-0.161,0.137,4.11,4.01
strong_gust,correction_off,16.70,1.239,3.305,0.00,0.00,0.000,0.000,0.068,-0.165,0.142,4.06,3.98
strong_gust,correction_off,16.75,1.261,3.364,0.00,0.00,0.000,0.000,0.066,-0.167,0.144,4.00,3.94
strong_gust,correction_off,16.80,1.288,3.435,0.00,0.00,0.000,0.000,0.062,-0.171,0.149,3.94,3.89
strong_gust,correction_off,16.85,1.320,3.519,0.00,0.00,0.000,0.000,0.059,-0.174,0.152,3.87,3.83
strong_gust,correction_off,16.90,1.356,3.615,0.00,0.00,0.000,0.000,0.054,-0.179,0.159,3.80,3.76
strong_gust,correction_off,16.95,1.396,3.723,0.00,0.00,0.000,0.000,0.051,-0.182,0.162,3.72,3.69
strong_gust,correction_off,17.00,1.441,3.843,0.00,0.00,0.000,0.000,-0.048,-0.299,0.309,2.31,1.92
strong_gust,correction_off,17.05,1.490,3.974,0.00,0.00,0.000,0.000,-0.048,-0.299,0.309,2.31,1.92
strong_gust,correction_off,17.10,1.544,4.117,0.00,0.00,0.000,0.000,-0.054,-0.304,0.315,2.27,1.87
strong_gust,correction_off,17.15,1.601,4.270,0.00,0.00,0.000,0.000,-0.057,-0.305,0.318,2.23,1.84
strong_gust,correction_off,17.20,1.662,4.433,0.00,0.00,0.000,0.000,-0.061,-0.309,0.324,2.20,1.82
strong_gust,correction_off,17.25,1.727,4.606,0.00,0.00,0.000,0.000,-0.064,-0.310,0.326,2.16,1.80
strong_gust,correction_off,17.30,1.796,4.788,0.00,0.00,0.000,0.000,-0.069,-0.313,0.331,2.13,1.79
strong_gust,correction_off,17.35,1.867,4.979,0.00,0.00,0.000,0.000,-0.071,-0.313,0.333,2.10,1.78
strong_gust,correction_off,17.40,1.942,5.179,0.00,0.00,0.000,0.000,-0.076,-0.315,0.336,2.08,1.78
strong_gust,correction_off,17.45,2.020,5.386,0.00,0.00,0.000,0.000,-0.078,-0.315,0.337,2.05,1.78
strong_gust,correction_off,17.50,2.100,5.600,0.00,0.00,0.000,0.000,-0.082,-0.315,0.340,2.03,1.79
strong_gust,correction_off,17.55,2.183,5.821,0.00,0.00,0.000,0.000,-0.084,-0.315,0.341,2.01,1.80
strong_gust,correction_off,17.60,2.268,6.048,0.00,0.00,0.000,0.000,-0.087,-0.315,0.342,2.00,1.81
strong_gust,correction_off,17.65,2.355,6.280,0.00,0.00,0.000,0.000,-0.089,-0.315,0.343,1.98,1.83
strong_gust,correction_off,17.70,2.444,6.517,0.00,0.00,0.000,0.000,-0.091,-0.314,0.344,1.97,1.84
strong_gust,correction_off,17.75,2.534,6.758,0.00,0.00,0.000,0.000,-0.092,-0.314,0.344,1.97,1.86
strong_gust,correction_off,17.80,2.626,7.002,0.00,0.00,0.000,0.000,-0.094,-0.313,0.344,1.96,1.88
strong_gust,correction_off,17.85,2.718,7.249,0.00,0.00,0.000,0.000,-0.095,-0.312,0.344,1.96,1.89
strong_gust,correction_off,17.90,2.812,7.498,0.00,0.00,0.000,0.000,-0.096,-0.310,0.343,1.97,1.91
strong_gust,correction_off,17.95,2.906,7.749,0.00,0.00,0.000,0.000,-0.096,-0.309,0.342,1.98,1.92
strong_gust,correction_on,0.00,3.000,8.000,0.00,0.00,0.000,0.000,0.044,-0.115,0.035,0.55,-0.07
strong_gust,correction_on,0.05,3.094,8.251,0.00,0.00,0.000,0.000,0.044,-0.115,0.035,0.55,-0.07
strong_gust,correction_on,0.10,3.188,8.502,0.00,0.00,0.000,0.000,0.040,-0.117,0.038,0.52,-0.09
strong_gust,correction_on,0.15,3.282,8.751,0.00,0.00,0.000,0.000,0.038,-0.119,0.041,0.48,-0.12
strong_gust,correction_on,0.20,3.374,8.998,0.00,0.00,0.000,0.000,0.037,-0.119,0.042,0.45,-0.16
strong_gust,correction_on,0.25,3.466,9.242,0.00,0.00,0.000,0.000,0.035,-0.120,0.044,0.43,-0.20
strong_gust,correction_on,0.30,3.556,9.483,0.00,0.00,0.000,0.000,0.034,-0.120,0.044,0.41,-0.22
strong_gust,correction_on,0.35,3.645,9.720,0.00,0.00,0.000,0.000,0.033,-0.119,0.044,0.40,-0.22
strong_gust,correction_on,0.40,3.732,9.952,0.00,0.00,0.000,0.000,0.033,-0.118,0.043,0.40,-0.20
strong_gust,correction_on,0.45,3.817,10.179,0.00,0.00,0.000,0.000,0.033,-0.115,0.041,0.41,-0.14
strong_gust,correction_on,0.50,3.900,10.400,0.00,0.00,0.000,0.000,0.033,-0.112,0.040,0.43,-0.06
strong_gust,correction_on,0.55,3.980,10.614,0.00,0.00,0.000,0.000,0.034,-0.106,0.035,0.46,0.05
strong_gust,correction_on,0.60,4.058,10.821,0.00,0.00,0.000,0.000,0.034,-0.102,0.033,0.50,0.18
strong_gust,correction_on,0.65,4.133,11.021,0.00,0.00,0.000,0.000,0.036,-0.093,0.028,0.55,0.35
strong_gust,correction_on,0.70,4.204,11.212,0.00,0.00,0.000,0.000,0.037,-0.087,0.026,0.61,0.52
strong_gust,correction_on,0.75,4.273,11.394,0.00,0.00,0.000,0.000,0.040,-0.075,0.026,0.68,0.74
strong_gust,correction_on,0.80,4.338,11.567,0.00,0.00,0.000,0.000,0.041,-0.068,0.028,0.75,0.95
strong_gust,correction_on,0.85,4.399,11.730,0.00,0.00,0.000,0.000,0.045,-0.053,0.037,0.84,1.20
strong_gust,correction_on,0.90,4.456,11.883,0.00,0.00,0.000,0.000,0.048,-0.043,0.045,0.93,1.44
strong_gust,correction_on,0.95,4.510,12.026,3.36,3.75,-0.504,-0.563,0.052,-0.026,0.061,1.03,1.71
strong_gust,correction_on,1.00,4.559,12.157,3.21,3.57,-0.481,-0.536,0.047,0.118,0.205,3.23,5.77
strong_gust,correction_on,1.05,4.604,12.277,2.91,3.24,-0.437,-0.486,0.047,0.118,0.205,3.23,5.77
strong_gust,correction_on,1.10,4.644,12.385,2.59,2.91,-0.389,-0.437,0.043,0.114,0.201,3.13,5.65
strong_gust,correction_on,1.15,4.680,12.481,2.26,2.59,-0.338,-0.389,0.037,0.108,0.196,3.03,5.52
strong_gust,correction_on,1.20,4.712,12.565,1.94,2.30,-0.290,-0.344,0.034,0.105,0.193,2.90,5.35
strong_gust,correction_on,1.25,4.739,12.636,1.65,2.04,-0.248,-0.306,0.028,0.098,0.188,2.72,5.12
strong_gust,correction_on,1.30,4.761,12.695,1.51,1.95,-0.226,-0.292,0.024,0.095,0.185,2.51,4.89
strong_gust,correction_on,1.35,4.778,12.741,1.44,1.93,-0.216,-0.290,0.019,0.089,0.181,2.26,4.64
strong_gust,correction_on,1.40,4.790,12.774,1.42,1.95,-0.213,-0.293,0.017,0.087,0.179,2.02,4.42
strong_gust,correction_on,1.45,4.798,12.793,1.45,2.01,-0.217,-0.301,0.014,0.084,0.177,1.79,4.23
strong_gust,correction_on,1.50,4.800,12.800,1.51,2.10,-0.226,-0.315,0.012,0.083,0.177,1.62,4.12
strong_gust,correction_on,1.55,4.798,12.793,1.61,2.26,-0.242,-0.339,0.011,0.083,0.177,1.50,4.06
strong_gust,correction_on,1.60,4.790,12.774,1.74,2.46,-0.261,-0.369,0.011,0.084,0.178,1.46,4.07
strong_gust,correction_on,1.65,4.778,12.741,1.92,2.74,-0.289,-0.410,0.013,0.087,0.180,1.49,4.15
strong_gust,correction_on,1.70,4.761,12.695,2.17,3.08,-0.325,-0.463,0.015,0.089,0.182,1.60,4.29
strong_gust,correction_on,1.75,4.739,12.636,2.47,3.51,-0.370,-0.526,0.019,0.095,0.187,1.78,4.50
strong_gust,correction_on,1.80,4.712,12.565,2.75,3.88,-0.412,-0.582,0.022,0.099,0.189,2.00,4.74
strong_gust,correction_on,1.85,4.680,12.481,3.01,4.22,-0.451,-0.633,0.030,0.107,0.196,2.31,5.07
strong_gust,correction_on,1.90,4.644,12.385,3.24,4.54,-0.486,-0.681,0.036,0.113,0.201,2.65,5.41
strong_gust,correction_on,1.95,4.604,12.277,3.47,4.89,-0.521,-0.733,0.047,0.124,0.210,3.05,5.81
strong_gust,correction_on,2.00,4.559,12.157,3.60,5.12,-0.541,-0.768,0.144,0.174,0.272,5.40,7.89
strong_gust,correction_on,2.05,4.510,12.026,3.58,5.06,-0.538,-0.760,0.144,0.174,0.272,5.40,7.89
strong_gust,correction_on,2.10,4.456,11.883,3.52,4.96,-0.528,-0.745,0.143,0.171,0.269,5.34,7.83
strong_gust,correction_on,2.15,4.399,11.730,3.43,4.84,-0.515,-0.726,0.141,0.166,0.264,5.28,7.77
strong_gust,correction_on,2.20,4.338,11.567,3.41,4.83,-0.511,-0.725,0.140,0.163,0.261,5.24,7.74
strong_gust,correction_on,2.25,4.273,11.394,3.42,4.92,-0.514,-0.739,0.139,0.158,0.255,5.20,7.70
strong_gust,correction_on,2.30,4.204,11.212,3.47,5.08,-0.521,-0.763,0.138,0.154,0.252,5.15,7.66
strong_gust,correction_on,2.35,4.133,11.021,3.55,5.23,-0.532,-0.785,0.136,0.148,0.245,5.10,7.61
strong_gust,correction_on,2.40,4.058,10.821,3.62,5.33,-0.542,-0.800,0.136,0.145,0.242,5.06,7.57
strong_gust,correction_on,2.45,3.980,10.614,3.68,5.39,-0.553,-0.809,0.135,0.139,0.236,5.03,7.55
strong_gust,correction_on,2.50,3.900,10.400,3.75,5.43,-0.563,-0.815,0.134,0.134,0.231,5.02,7.56
strong_gust,correction_on,2.55,3.817,10.179,3.82,5.49,-0.573,-0.823,0.133,0.127,0.224,5.03,7.58
strong_gust,correction_on,2.60,3.732,9.952,3.88,5.53,-0.582,-0.830,0.132,0.124,0.221,5.06,7.59
strong_gust,correction_on,2.65,3.645,9.720,3.92,5.57,-0.588,-0.835,0.131,0.117,0.214,5.10,7.61
strong_gust,correction_on,2.70,3.556,9.483,3.92,5.58,-0.588,-0.837,0.130,0.113,0.210,5.15,7.62
strong_gust,correction_on,2.75,3.466,9.242,3.89,5.58,-0.583,-0.837,0.128,0.106,0.203,5.20,7.62
strong_gust,correction_on,2.80,3.374,8.998,3.85,5.58,-0.577,-0.837,0.127,0.103,0.200,5.25,7.62
strong_gust,correction_on,2.85,3.282,8.751,3.77,5.59,-0.566,-0.838,0.126,0.096,0.193,5.30,7.61
strong_gust,correction_on,2.90,3.188,8.502,3.68,5.63,-0.552,-0.845,0.125,0.092,0.188,5.32,7.59
strong_gust,correction_on,2.95,3.094,8.251,3.57,5.73,-0.536,-0.860,0.124,0.085,0.182,5.33,7.57
strong_gust,correction_on,3.00,3.000,8.000,3.49,5.82,-0.523,-0.873,0.105,-0.010,0.087,5.23,7.21
strong_gust,correction_on,3.05,2.906,7.749,3.43,5.89,-0.514,-0.883,0.105,-0.010,0.087,5.23,7.21
strong_gust,correction_on,3.10,2.812,7.498,3.38,5.94,-0.507,-0.891,0.106,-0.013,0.085,5.24,7.19
strong_gust,correction_on,3.15,2.718,7.249,3.34,5.99,-0.501,-0.898,0.106,-0.017,0.081,5.26,7.20
strong_gust,correction_on,3.20,2.626,7.002,3.31,6.02,-0.497,-0.903,0.105,-0.020,0.079,5.28,7.22
strong_gust,correction_on,3.25,2.534,6.758,3.28,6.05,-0.492,-0.907,0.105,-0.024,0.075,5.28,7.25
strong_gust,correction_on,3.30,2.444,6.517,3.26,6.07,-0.489,-0.910,0.105,-0.027,0.072,5.28,7.29
strong_gust,correction_on,3.35,2.355,6.280,3.23,6.08,-0.485,-0.912,0.104,-0.032,0.068,5.28,7.31
strong_gust,correction_on,3.40,2.268,6.048,3.21,6.09,-0.482,-0.913,0.104,-0.035,0.065,5.26,7.33
strong_gust,correction_on,3.45,2.183,5.821,3.19,6.09,-0.478,-0.913,0.102,-0.040,0.060,5.24,7.32
strong_gust,correction_on,3.50,2.100,5.600,3.15,6.05,-0.473,-0.907,0.101,-0.044,0.057,5.22,7.31
strong_gust,correction_on,3.55,2.020,5.386,3.11,5.97,-0.466,-0.895,0.099,-0.050,0.051,5.18,7.27
strong_gust,correction_on,3.60,1.942,5.179,3.06,5.87,-0.459,-0.881,0.099,-0.053,0.049,5.14,7.22
strong_gust,correction_on,3.65,1.867,4.979,3.01,5.76,-0.451,-0.864,0.096,-0.059,0.043,5.10,7.14
strong_gust,correction_on,3.70,1.796,4.788,2.96,5.64,-0.444,-0.846,0.095,-0.064,0.039,5.04,7.05
strong_gust,correction_on,3.75,1.727,4.606,2.91,5.53,-0.437,-0.829,0.093,-0.071,0.033,4.98,6.93
strong_gust,correction_on,3.80,1.662,4.433,2.88,5.44,-0.432,-0.816,0.091,-0.075,0.030,4.91,6.79
strong_gust,correction_on,3.85,1.601,4.270,2.86,5.37,-0.429,-0.806,0.088,-0.082,0.025,4.82,6.63
strong_gust,correction_on,3.90,1.544,4.117,2.86,5.36,-0.430,-0.804,0.086,-0.087,0.023,4.74,6.47
strong_gust,correction_on,3.95,1.490,3.974,2.90,5.42,-0.434,-0.813,0.083,-0.095,0.022,4.66,6.29
strong_gust,correction_on,4.00,1.441,3.843,2.96,5.59,-0.444,-0.839,0.064,-0.231,0.145,4.19,4.52
strong_gust,correction_on,4.05,1.396,3.723,3.02,5.77,-0.453,-0.866,0.064,-0.231,0.145,4.19,4.52
strong_gust,correction_on,4.10,1.356,3.615,3.08,5.94,-0.463,-0.892,0.064,-0.233,0.147,4.21,4.49
strong_gust,correction_on,4.15,1.320,3.519,3.14,6.09,-0.472,-0.914,0.064,-0.237,0.151,4.22,4.49
strong_gust,correction_on,4.20,1.288,3.435,3.21,6.22,-0.481,-0.932,0.063,-0.238,0.152,4.25,4.53
strong_gust,correction_on,4.25,1.261,3.364,3.27,6.30,-0.490,-0.945,0.062,-0.241,0.155,4.30,4.61
strong_gust,correction_on,4.30,1.239,3.305,3.32,6.32,-0.498,-0.947,0.061,-0.243,0.157,4.34,4.70
strong_gust,correction_on,4.35,1.222,3.259,3.35,6.27,-0.503,-0.941,0.058,-0.245,0.159,4.38,4.79
strong_gust,correction_on,4.40,1.210,3.226,3.38,6.17,-0.507,-0.925,0.057,-0.247,0.161,4.41,4.87
strong_gust,correction_on,4.45,1.202,3.207,3.38,6.01,-0.507,-0.901,0.054,-0.249,0.164,4.43,4.92
strong_gust,correction_on,4.50,1.200,3.200,3.38,5.82,-0.506,-0.873,0.051,-0.251,0.166,4.43,4.93
strong_gust,correction_on,4.55,1.202,3.207,3.35,5.57,-0.502,-0.836,0.047,-0.255,0.170,4.41,4.90
strong_gust,correction_on,4.60,1.210,3.226,3.29,5.29,-0.494,-0.793,0.045,-0.257,0.172,4.36,4.83
strong_gust,correction_on,4.65,1.222,3.259,3.22,4.97,-0.482,-0.746,0.040,-0.262,0.178,4.29,4.69
strong_gust,correction_on,4.70,1.239,3.305,3.13,4.65,-0.470,-0.697,0.036,-0.265,0.181,4.20,4.53
strong_gust,correction_on,4.75,1.261,3.364,3.04,4.33,-0.455,-0.650,0.030,-0.271,0.188,4.07,4.30
strong_gust,correction_on,4.80,1.288,3.435,2.95,4.05,-0.442,-0.607,0.026,-0.274,0.192,3.94,4.06
strong_gust,correction_on,4.85,1.320,3.519,2.89,3.82,-0.433,-0.572,0.019,-0.281,0.200,3.76,3.77
strong_gust,correction_on,4.90,1.356,3.615,2.89,3.68,-0.433,-0.552,0.015,-0.286,0.205,3.59,3.49
strong_gust,correction_on,4.95,1.396,3.723,2.95,3.69,-0.442,-0.554,0.007,-0.293,0.215,3.38,3.18
strong_gust,correction_on,5.00,1.441,3.843,3.08,3.96,-0.461,-0.595,-0.081,-0.330,0.283,2.02,2.15
strong_gust,correction_on,5.05,1.490,3.974,3.23,4.34,-0.484,-0.651,-0.081,-0.330,0.283,2.02,2.15
strong_gust,correction_on,5.10,1.544,4.117,3.36,4.69,-0.504,-0.704,-0.082,-0.327,0.281,2.02,2.19
strong_gust,correction_on,5.15,1.601,4.270,3.47,5.01,-0.521,-0.751,-0.084,-0.322,0.278,2.04,2.25
strong_gust,correction_on,5.20,1.662,4.433,3.57,5.27,-0.536,-0.790,-0.084,-0.319,0.276,2.08,2.36
strong_gust,correction_on,5.25,1.727,4.606,3.67,5.48,-0.551,-0.821,-0.086,-0.314,0.272,2.15,2.54
strong_gust,correction_on,5.30,1.796,4.788,3.77,5.61,-0.566,-0.841,-0.086,-0.311,0.270,2.25,2.74
strong_gust,correction_on,5.35,1.867,4.979,3.87,5.68,-0.581,-0.852,-0.087,-0.305,0.266,2.36,2.96
strong_gust,correction_on,5.40,1.942,5.179,3.96,5.65,-0.594,-0.848,-0.088,-0.303,0.264,2.46,3.17
strong_gust,correction_on,5.45,2.020,5.386,4.02,5.53,-0.603,-0.830,-0.088,-0.298,0.261,2.57,3.36
strong_gust,correction_on,5.50,2.100,5.600,4.04,5.35,-0.606,-0.803,-0.089,-0.296,0.259,2.67,3.50
strong_gust,correction_on,5.55,2.183,5.821,4.02,5.13,-0.603,-0.770,-0.090,-0.292,0.257,2.75,3.59
strong_gust,correction_on,5.60,2.268,6.048,3.98,4.92,-0.597,-0.738,-0.090,-0.291,0.256,2.81,3.62
strong_gust,correction_on,5.65,2.355,6.280,3.92,4.69,-0.588,-0.704,-0.092,-0.289,0.255,2.85,3.58
strong_gust,correction_on,5.70,2.444,6.517,3.85,4.46,-0.577,-0.670,-0.092,-0.289,0.255,2.86,3.49
strong_gust,correction_on,5.75,2.534,6.758,3.77,4.24,-0.565,-0.636,-0.094,-0.289,0.256,2.84,3.35
strong_gust,correction_on,5.80,2.626,7.002,3.72,4.06,-0.558,-0.609,-0.095,-0.289,0.257,2.79,3.17
strong_gust,correction_on,5.85,2.718,7.249,3.68,3.90,-0.551,-0.585,-0.096,-0.291,0.260,2.71,2.96
strong_gust,correction_on,5.90,2.812,7.498,3.69,3.79,-0.553,-0.569,-0.097,-0.292,0.261,2.62,2.74
strong_gust,correction_on,5.95,2.906,7.749,3.75,3.79,-0.563,-0.569,-0.099,-0.295,0.264,2.50,2.51
strong_gust,correction_on,6.00,3.000,8.000,3.85,3.93,-0.578,-0.590,-0.104,-0.269,0.247,2.06,2.07
strong_gust,correction_on,6.05,3.094,8.251,3.97,4.12,-0.595,-0.618,-0.104,-0.269,0.247,2.06,2.07
strong_gust,correction_on,6.10,3.188,8.502,4.09,4.30,-0.613,-0.645,-0.103,-0.265,0.244,2.07,2.12
strong_gust,correction_on,6.15,3.282,8.751,4.21,4.47,-0.631,-0.671,-0.102,-0.259,0.239,2.07,2.18
strong_gust,correction_on,6.20,3.374,8.998,4.31,4.62,-0.647,-0.693,-0.102,-0.255,0.236,2.10,2.25
strong_gust,correction_on,6.25,3.466,9.242,4.41,4.75,-0.662,-0.712,-0.100,-0.249,0.231,2.14,2.35
strong_gust,correction_on,6.30,3.556,9.483,4.50,4.86,-0.675,-0.729,-0.099,-0.245,0.227,2.21,2.47
strong_gust,correction_on,6.35,3.645,9.720,4.59,4.95,-0.688,-0.743,-0.097,-0.239,0.221,2.30,2.61
strong_gust,correction_on,6.40,3.732,9.952,4.68,5.03,-0.702,-0.754,-0.096,-0.236,0.218,2.40,2.74
strong_gust,correction_on,6.45,3.817,10.179,4.77,5.09,-0.716,-0.763,-0.094,-0.230,0.213,2.52,2.89
strong_gust,correction_on,6.50,3.900,10.400,4.88,5.14,-0.731,-0.771,-0.093,-0.226,0.209,2.63,3.01
strong_gust,correction_on,6.55,3.980,10.614,4.98,5.16,-0.747,-0.774,-0.091,-0.220,0.204,2.74,3.14
strong_gust,correction_on,6.60,4.058,10.821,5.09,5.16,-0.764,-0.775,-0.090,-0.217,0.202,2.85,3.25
strong_gust,correction_on,6.65,4.133,11.021,5.20,5.13,-0.779,-0.770,-0.089,-0.211,0.197,2.95,3.36
strong_gust,correction_on,6.70,4.204,11.212,5.30,5.08,-0.795,-0.762,-0.088,-0.208,0.194,3.05,3.45
strong_gust,correction_on,6.75,4.273,11.394,5.39,5.00,-0.808,-0.750,-0.086,-0.203,0.189,3.15,3.52
strong_gust,correction_on,6.80,4.338,11.567,5.49,4.95,-0.823,-0.743,-0.085,-0.200,0.187,3.23,3.57
strong_gust,correction_on,6.85,4.399,11.730,5.59,4.93,-0.838,-0.740,-0.084,-0.195,0.183,3.32,3.61
strong_gust,correction_on,6.90,4.456,11.883,5.68,4.97,-0.853,-0.746,-0.083,-0.192,0.180,3.40,3.63
strong_gust,correction_on,6.95,4.510,12.026,5.75,5.01,-0.862,-0.752,-0.081,-0.186,0.176,3.47,3.64
strong_gust,correction_on,7.00,4.559,12.157,5.79,5.06,-0.869,-0.759,-0.085,-0.068,0.149,3.51,4.86
strong_gust,correction_on,7.05,4.604,12.277,5.82,5.12,-0.872,-0.768,-0.085,-0.068,0.149,3.51,4.86
strong_gust,correction_on,7.10,4.644,12.385,5.83,5.20,-0.875,-0.780,-0.084,-0.064,0.149,3.52,4.89
strong_gust,correction_on,7.15,4.680,12.481,5.85,5.29,-0.877,-0.793,-0.082,-0.059,0.148,3.54,4.91
strong_gust,correction_on,7.20,4.712,12.565,5.86,5.39,-0.879,-0.808,-0.081,-0.057,0.147,3.56,4.94
strong_gust,correction_on,7.25,4.739,12.636,5.88,5.50,-0.883,-0.825,-0.079,-0.051,0.146,3.60,4.98
strong_gust,correction_on,7.30,4.761,12.695,5.91,5.62,-0.887,-0.843,-0.077,-0.049,0.145,3.63,5.02
strong_gust,correction_on,7.35,4.778,12.741,5.95,5.75,-0.893,-0.862,-0.074,-0.045,0.143,3.68,5.10
strong_gust,correction_on,7.40,4.790,12.774,6.00,5.88,-0.899,-0.882,-0.072,-0.042,0.142,3.72,5.16
strong_gust,correction_on,7.45,4.798,12.793,6.05,6.02,-0.908,-0.903,-0.068,-0.038,0.140,3.81,5.27
strong_gust,correction_on,7.50,4.800,12.800,6.11,6.16,-0.917,-0.924,-0.065,-0.035,0.138,3.87,5.36
strong_gust,correction_on,7.55,4.798,12.793,6.19,6.31,-0.928,-0.947,-0.060,-0.030,0.135,3.98,5.50
strong_gust,correction_on,7.60,4.790,12.774,6.27,6.47,-0.940,-0.970,-0.058,-0.028,0.134,4.06,5.60
strong_gust,correction_on,7.65,4.778,12.741,6.36,6.62,-0.954,-0.994,-0.052,-0.023,0.131,4.18,5.74
strong_gust,correction_on,7.70,4.761,12.695,6.45,6.77,-0.967,-1.015,-0.048,-0.020,0.129,4.29,5.87
strong_gust,correction_on,7.75,4.739,12.636,6.54,6.88,-0.981,-1.033,-0.041,-0.015,0.126,4.45,6.04
strong_gust,correction_on,7.80,4.712,12.565,6.63,6.98,-0.995,-1.048,-0.038,-0.013,0.125,4.56,6.16
strong_gust,correction_on,7.85,4.680,12.481,6.72,7.06,-1.009,-1.059,-0.031,-0.009,0.122,4.71,6.31
strong_gust,correction_on,7.90,4.644,12.385,6.81,7.12,-1.021,-1.068,-0.026,-0.006,0.120,4.86,6.44
strong_gust,correction_on,7.95,4.604,12.277,6.87,7.15,-1.031,-1.072,-0.019,-0.002,0.118,5.04,6.59
strong_gust,correction_on,8.00,4.559,12.157,6.88,7.14,-1.033,-1.071,0.067,0.017,0.103,5.94,6.96
strong_gust,correction_on,8.05,4.510,12.026,6.86,7.10,-1.028,-1.065,0.067,0.017,0.103,5.94,6.96
strong_gust,correction_on,8.10,4.456,11.883,6.81,7.05,-1.022,-1.057,0.070,0.017,0.103,5.96,6.95
strong_gust,correction_on,8.15,4.399,11.730,6.76,7.00,-1.015,-1.050,0.075,0.016,0.103,5.99,6.95
strong_gust,correction_on,8.20,4.338,11.567,6.72,6.97,-1.008,-1.046,0.078,0.015,0.103,6.01,6.95
strong_gust,correction_on,8.25,4.273,11.394,6.68,6.95,-1.002,-1.043,0.083,0.014,0.102,6.03,6.93
strong_gust,correction_on,8.30,4.204,11.212,6.64,6.95,-0.996,-1.042,0.087,0.014,0.102,6.05,6.91
strong_gust,correction_on,8.35,4.133,11.021,6.61,6.94,-0.991,-1.041,0.092,0.012,0.102,6.07,6.89
strong_gust,correction_on,8.40,4.058,10.821,6.58,6.93,-0.987,-1.040,0.094,0.011,0.102,6.07,6.87
strong_gust,correction_on,8.45,3.980,10.614,6.56,6.92,-0.984,-1.038,0.099,0.010,0.103,6.08,6.85
strong_gust,correction_on,8.50,3.900,10.400,6.54,6.91,-0.981,-1.036,0.102,0.009,0.103,6.09,6.84
strong_gust,correction_on,8.55,3.817,10.179,6.52,6.89,-0.978,-1.034,0.105,0.008,0.103,6.10,6.83
strong_gust,correction_on,8.60,3.732,9.952,6.49,6.88,-0.973,-1.032,0.107,0.008,0.103,6.11,6.82
strong_gust,correction_on,8.65,3.645,9.720,6.44,6.86,-0.966,-1.030,0.110,0.007,0.104,6.12,6.82
strong_gust,correction_on,8.70,3.556,9.483,6.37,6.85,-0.956,-1.027,0.111,0.006,0.104,6.12,6.82
strong_gust,correction_on,8.75,3.466,9.242,6.30,6.83,-0.944,-1.025,0.112,0.005,0.104,6.12,6.82
strong_gust,correction_on,8.80,3.374,8.998,6.20,6.81,-0.930,-1.021,0.113,0.005,0.104,6.12,6.83
strong_gust,correction_on,8.85,3.282,8.751,6.08,6.78,-0.912,-1.017,0.114,0.004,0.104,6.10,6.83
strong_gust,correction_on,8.90,3.188,8.502,5.94,6.75,-0.892,-1.012,0.115,0.004,0.104,6.07,6.84
strong_gust,correction_on,8.95,3.094,8.251,5.81,6.74,-0.872,-1.011,0.115,0.003,0.103,6.03,6.85
strong_gust,correction_on,9.00,3.000,8.000,5.71,6.73,-0.857,-1.010,0.130,-0.003,0.107,6.08,7.05
strong_gust,correction_on,9.05,2.906,7.749,5.64,6.73,-0.847,-1.009,0.130,-0.003,0.107,6.08,7.05
strong_gust,correction_on,9.10,2.812,7.498,5.59,6.72,-0.838,-1.009,0.131,-0.004,0.107,6.09,7.05
strong_gust,correction_on,9.15,2.718,7.249,5.54,6.72,-0.832,-1.008,0.131,-0.004,0.106,6.09,7.06
strong_gust,correction_on,9.20,2.626,7.002,5.50,6.72,-0.825,-1.008,0.131,-0.004,0.106,6.09,7.07
strong_gust,correction_on,9.25,2.534,6.758,5.46,6.72,-0.819,-1.007,0.132,-0.005,0.106,6.08,7.09
strong_gust,correction_on,9.30,2.444,6.517,5.42,6.71,-0.813,-1.007,0.132,-0.006,0.106,6.07,7.09
strong_gust,correction_on,9.35,2.355,6.280,5.38,6.71,-0.807,-1.007,0.133,-0.007,0.105,6.04,7.09
strong_gust,correction_on,9.40,2.268,6.048,5.33,6.71,-0.800,-1.007,0.133,-0.008,0.104,6.02,7.08
strong_gust,correction_on,9.45,2.183,5.821,5.28,6.71,-0.792,-1.006,0.133,-0.010,0.103,5.98,7.06
strong_gust,correction_on,9.50,2.100,5.600,5.22,6.69,-0.783,-1.003,0.133,-0.012,0.102,5.95,7.03
strong_gust,correction_on,9.55,2.020,5.386,5.15,6.65,-0.773,-0.997,0.133,-0.016,0.099,5.90,6.97
strong_gust,correction_on,9.60,1.942,5.179,5.08,6.59,-0.763,-0.989,0.133,-0.019,0.097,5.86,6.93
strong_gust,correction_on,9.65,1.867,4.979,5.01,6.53,-0.752,-0.979,0.132,-0.025,0.092,5.79,6.84
strong_gust,correction_on,9.70,1.796,4.788,4.94,6.46,-0.741,-0.969,0.132,-0.028,0.090,5.74,6.76
strong_gust,correction_on,9.75,1.727,4.606,4.87,6.39,-0.731,-0.958,0.132,-0.035,0.086,5.66,6.63
strong_gust,correction_on,9.80,1.662,4.433,4.81,6.32,-0.721,-0.948,0.131,-0.039,0.083,5.60,6.53
strong_gust,correction_on,9.85,1.601,4.270,4.75,6.27,-0.713,-0.940,0.131,-0.047,0.078,5.50,6.36
strong_gust,correction_on,9.90,1.544,4.117,4.70,6.24,-0.706,-0.936,0.131,-0.051,0.076,5.44,6.24
strong_gust,correction_on,9.95,1.490,3.974,4.67,6.23,-0.701,-0.935,0.130,-0.060,0.072,5.33,6.05
strong_gust,correction_on,10.00,1.441,3.843,4.64,6.34,-0.697,-0.951,0.112,-0.195,0.119,4.75,4.19
strong_gust,correction_on,10.05,1.396,3.723,4.61,6.49,-0.692,-0.973,0.112,-0.195,0.119,4.75,4.19
strong_gust,correction_on,10.10,1.356,3.615,4.58,6.63,-0.687,-0.995,0.111,-0.197,0.121,4.72,4.17
strong_gust,correction_on,10.15,1.320,3.519,4.54,6.75,-0.682,-1.012,0.109,-0.201,0.124,4.70,4.17
strong_gust,correction_on,10.20,1.288,3.435,4.52,6.81,-0.678,-1.022,0.108,-0.203,0.125,4.68,4.19
strong_gust,correction_on,10.25,1.261,3.364,4.50,6.83,-0.675,-1.024,0.105,-0.206,0.127,4.66,4.27
strong_gust,correction_on,10.30,1.239,3.305,4.47,6.77,-0.671,-1.016,0.104,-0.208,0.129,4.64,4.33
strong_gust,correction_on,10.35,1.222,3.259,4.44,6.66,-0.666,-0.998,0.101,-0.212,0.131,4.60,4.41
strong_gust,correction_on,10.40,1.210,3.226,4.41,6.48,-0.661,-0.972,0.099,-0.214,0.133,4.57,4.45
strong_gust,correction_on,10.45,1.202,3.207,4.37,6.25,-0.655,-0.937,0.096,-0.219,0.137,4.51,4.47
strong_gust,correction_on,10.50,1.200,3.200,4.32,5.98,-0.648,-0.897,0.095,-0.222,0.140,4.47,4.45
strong_gust,correction_on,10.55,1.202,3.207,4.27,5.67,-0.641,-0.850,0.091,-0.228,0.145,4.38,4.35
strong_gust,correction_on,10.60,1.210,3.226,4.21,5.34,-0.631,-0.801,0.088,-0.232,0.148,4.31,4.24
strong_gust,correction_on,10.65,1.222,3.259,4.13,4.99,-0.619,-0.749,0.084,-0.239,0.154,4.19,4.01
strong_gust,correction_on,10.70,1.239,3.305,4.04,4.63,-0.607,-0.695,0.082,-0.242,0.157,4.10,3.82
strong_gust,correction_on,10.75,1.261,3.364,3.96,4.28,-0.594,-0.642,0.077,-0.250,0.164,3.95,3.50
strong_gust,correction_on,10.80,1.288,3.435,3.88,3.97,-0.583,-0.595,0.074,-0.255,0.169,3.84,3.26
strong_gust,correction_on,10.85,1.320,3.519,3.83,3.70,-0.574,-0.555,0.069,-0.262,0.176,3.67,2.88
strong_gust,correction_on,10.90,1.356,3.615,3.81,3.50,-0.571,-0.525,0.066,-0.266,0.180,3.54,2.62
strong_gust,correction_on,10.95,1.396,3.723,3.84,3.42,-0.576,-0.513,0.061,-0.272,0.186,3.35,2.23
strong_gust,correction_on,11.00,1.441,3.843,3.91,3.69,-0.587,-0.554,-0.010,-0.206,0.141,2.49,2.52
strong_gust,correction_on,11.05,1.490,3.974,3.99,4.14,-0.599,-0.621,-0.010,-0.206,0.141,2.49,2.52
strong_gust,correction_on,11.10,1.544,4.117,4.06,4.54,-0.609,-0.682,-0.011,-0.203,0.138,2.48,2.58
strong_gust,correction_on,11.15,1.601,4.270,4.11,4.89,-0.616,-0.734,-0.013,-0.195,0.133,2.47,2.65
strong_gust,correction_on,11.20,1.662,4.433,4.17,5.19,-0.625,-0.779,-0.014,-0.191,0.130,2.48,2.79
strong_gust,correction_on,11.25,1.727,4.606,4.24,5.43,-0.636,-0.815,-0.016,-0.184,0.126,2.52,2.97
strong_gust,correction_on,11.30,1.796,4.788,4.32,5.62,-0.649,-0.844,-0.017,-0.181,0.124,2.57,3.20
strong_gust,correction_on,11.35,1.867,4.979,4.42,5.75,-0.663,-0.862,-0.018,-0.174,0.120,2.62,3.42
strong_gust,correction_on,11.40,1.942,5.179,4.51,5.77,-0.676,-0.865,-0.019,-0.171,0.118,2.69,3.64
strong_gust,correction_on,11.45,2.020,5.386,4.57,5.68,-0.685,-0.852,-0.020,-0.166,0.116,2.75,3.83
strong_gust,correction_on,11.50,2.100,5.600,4.57,5.52,-0.686,-0.829,-0.021,-0.164,0.115,2.82,3.98
strong_gust,correction_on,11.55,2.183,5.821,4.53,5.35,-0.680,-0.802,-0.022,-0.161,0.114,2.88,4.06
strong_gust,correction_on,11.60,2.268,6.048,4.47,5.16,-0.671,-0.774,-0.023,-0.160,0.114,2.93,4.08
strong_gust,correction_on,11.65,2.355,6.280,4.38,4.94,-0.657,-0.741,-0.025,-0.159,0.115,2.96,4.03
strong_gust,correction_on,11.70,2.444,6.517,4.28,4.70,-0.641,-0.706,-0.026,-0.160,0.115,2.96,3.92
strong_gust,correction_on,11.75,2.534,6.758,4.16,4.45,-0.624,-0.668,-0.028,-0.161,0.118,2.93,3.76
strong_gust,correction_on,11.80,2.626,7.002,4.05,4.22,-0.608,-0.633,-0.029,-0.163,0.120,2.86,3.54
strong_gust,correction_on,11.85,2.718,7.249,3.95,3.98,-0.592,-0.597,-0.030,-0.166,0.123,2.77,3.31
strong_gust,correction_on,11.90,2.812,7.498,3.90,3.75,-0.585,-0.562,-0.031,-0.168,0.125,2.65,3.03
strong_gust,correction_on,11.95,2.906,7.749,3.90,3.62,-0.585,-0.543,-0.032,-0.173,0.129,2.52,2.76
strong_gust,correction_on,12.00,3.000,8.000,3.97,3.68,-0.595,-0.552,0.011,-0.157,0.088,2.68,2.02
strong_gust,correction_on,12.05,3.094,8.251,4.07,3.86,-0.611,-0.579,0.011,-0.157,0.088,2.68,2.02
strong_gust,correction_on,12.10,3.188,8.502,4.19,4.04,-0.629,-0.606,0.012,-0.154,0.085,2.70,2.07
strong_gust,correction_on,12.15,3.282,8.751,4.32,4.22,-0.648,-0.633,0.015,-0.148,0.079,2.73,2.15
strong_gust,correction_on,12.20,3.374,8.998,4.44,4.37,-0.667,-0.656,0.016,-0.144,0.075,2.76,2.22
strong_gust,correction_on,12.25,3.466,9.242,4.56,4.50,-0.684,-0.675,0.018,-0.138,0.069,2.79,2.31
strong_gust,correction_on,12.30,3.556,9.483,4.66,4.61,-0.699,-0.691,0.018,-0.135,0.066,2.84,2.41
strong_gust,correction_on,12.35,3.645,9.720,4.76,4.70,-0.714,-0.705,0.019,-0.129,0.061,2.93,2.57
strong_gust,correction_on,12.40,3.732,9.952,4.86,4.77,-0.730,-0.716,0.020,-0.125,0.058,2.98,2.67
strong_gust,correction_on,12.45,3.817,10.179,4.97,4.84,-0.746,-0.725,0.020,-0.119,0.054,3.08,2.84
strong_gust,correction_on,12.50,3.900,10.400,5.10,4.90,-0.765,-0.735,0.021,-0.116,0.052,3.18,2.97
strong_gust,correction_on,12.55,3.980,10.614,5.21,4.92,-0.782,-0.739,0.021,-0.110,0.048,3.26,3.09
strong_gust,correction_on,12.60,4.058,10.821,5.32,4.92,-0.798,-0.738,0.021,-0.106,0.046,3.33,3.19
strong_gust,correction_on,12.65,4.133,11.021,5.41,4.88,-0.812,-0.732,0.022,-0.099,0.044,3.44,3.32
strong_gust,correction_on,12.70,4.204,11.212,5.49,4.81,-0.823,-0.722,0.022,-0.096,0.042,3.51,3.40
strong_gust,correction_on,12.75,4.273,11.394,5.54,4.73,-0.832,-0.709,0.022,-0.090,0.041,3.61,3.49
strong_gust,correction_on,12.80,4.338,11.567,5.62,4.67,-0.844,-0.700,0.023,-0.086,0.040,3.69,3.55
strong_gust,correction_on,12.85,4.399,11.730,5.72,4.66,-0.859,-0.698,0.023,-0.081,0.040,3.76,3.59
strong_gust,correction_on,12.90,4.456,11.883,5.83,4.74,-0.874,-0.712,0.024,-0.078,0.040,3.82,3.62
strong_gust,correction_on,12.95,4.510,12.026,5.90,4.84,-0.885,-0.726,0.025,-0.073,0.041,3.88,3.63
strong_gust,correction_on,13.00,4.559,12.157,5.95,4.91,-0.892,-0.737,0.025,-0.018,0.077,4.09,4.36
strong_gust,correction_on,13.05,4.604,12.277,5.98,4.97,-0.898,-0.746,0.025,-0.018,0.077,4.09,4.36
strong_gust,correction_on,13.10,4.644,12.385,6.02,5.04,-0.902,-0.756,0.026,-0.018,0.078,4.11,4.38
strong_gust,correction_on,13.15,4.680,12.481,6.05,5.11,-0.907,-0.767,0.028,-0.017,0.078,4.13,4.39
strong_gust,correction_on,13.20,4.712,12.565,6.08,5.19,-0.912,-0.779,0.029,-0.016,0.077,4.16,4.40
strong_gust,correction_on,13.25,4.739,12.636,6.12,5.28,-0.918,-0.792,0.031,-0.016,0.077,4.19,4.42
strong_gust,correction_on,13.30,4.761,12.695,6.17,5.38,-0.925,-0.807,0.032,-0.016,0.077,4.24,4.45
strong_gust,correction_on,13.35,4.778,12.741,6.23,5.48,-0.934,-0.823,0.035,-0.015,0.076,4.29,4.49
strong_gust,correction_on,13.40,4.790,12.774,6.29,5.60,-0.943,-0.840,0.036,-0.015,0.076,4.36,4.54
strong_gust,correction_on,13.45,4.798,12.793,6.36,5.72,-0.955,-0.858,0.040,-0.013,0.076,4.43,4.60
strong_gust,correction_on,13.50,4.800,12.800,6.44,5.85,-0.966,-0.877,0.041,-0.013,0.077,4.52,4.68
strong_gust,correction_on,13.55,4.798,12.793,6.53,5.98,-0.979,-0.897,0.045,-0.011,0.078,4.61,4.77
strong_gust,correction_on,13.60,4.790,12.774,6.62,6.12,-0.992,-0.917,0.047,-0.009,0.078,4.70,4.85
strong_gust,correction_on,13.65,4.778,12.741,6.71,6.26,-1.006,-0.938,0.052,-0.007,0.080,4.84,4.99
strong_gust,correction_on,13.70,4.761,12.695,6.80,6.40,-1.020,-0.960,0.054,-0.005,0.081,4.97,5.12
strong_gust,correction_on,13.75,4.739,12.636,6.89,6.54,-1.034,-0.981,0.058,-0.003,0.083,5.10,5.25
strong_gust,correction_on,13.80,4.712,12.565,6.98,6.68,-1.047,-1.002,0.061,-0.001,0.085,5.21,5.36
strong_gust,correction_on,13.85,4.680,12.481,7.06,6.81,-1.058,-1.022,0.065,0.001,0.088,5.39,5.53
strong_gust,correction_on,13.90,4.644,12.385,7.13,6.92,-1.069,-1.038,0.067,0.003,0.089,5.53,5.68
strong_gust,correction_on,13.95,4.604,12.277,7.19,7.01,-1.078,-1.052,0.072,0.006,0.092,5.68,5.83
strong_gust,correction_on,14.00,4.559,12.157,7.17,7.04,-1.076,-1.055,0.087,0.021,0.110,6.15,6.55
strong_gust,correction_on,14.05,4.510,12.026,7.11,7.02,-1.066,-1.052,0.087,0.021,0.110,6.15,6.55
strong_gust,correction_on,14.10,4.456,11.883,7.04,7.01,-1.055,-1.052,0.086,0.021,0.109,6.13,6.55
strong_gust,correction_on,14.15,4.399,11.730,6.96,7.03,-1.044,-1.055,0.085,0.019,0.107,6.11,6.55
strong_gust,correction_on,14.20,4.338,11.567,6.89,7.09,-1.034,-1.063,0.084,0.018,0.106,6.09,6.55
strong_gust,correction_on,14.25,4.273,11.394,6.84,7.18,-1.026,-1.077,0.083,0.016,0.104,6.05,6.55
strong_gust,correction_on,14.30,4.204,11.212,6.79,7.28,-1.019,-1.092,0.082,0.016,0.103,6.01,6.56
strong_gust,correction_on,14.35,4.133,11.021,6.74,7.37,-1.012,-1.106,0.082,0.014,0.102,5.97,6.57
strong_gust,correction_on,14.40,4.058,10.821,6.70,7.45,-1.005,-1.117,0.082,0.014,0.102,5.93,6.60
strong_gust,correction_on,14.45,3.980,10.614,6.66,7.50,-1.000,-1.126,0.083,0.013,0.101,5.89,6.64
strong_gust,correction_on,14.50,3.900,10.400,6.63,7.55,-0.995,-1.132,0.083,0.013,0.101,5.87,6.68
strong_gust,correction_on,14.55,3.817,10.179,6.59,7.58,-0.989,-1.137,0.085,0.012,0.100,5.86,6.74
strong_gust,correction_on,14.60,3.732,9.952,6.55,7.59,-0.982,-1.139,0.085,0.011,0.100,5.86,6.81
strong_gust,correction_on,14.65,3.645,9.720,6.50,7.59,-0.974,-1.139,0.087,0.010,0.099,5.86,6.86
strong_gust,correction_on,14.70,3.556,9.483,6.43,7.58,-0.965,-1.137,0.088,0.009,0.099,5.87,6.89
strong_gust,correction_on,14.75,3.466,9.242,6.36,7.55,-0.954,-1.133,0.090,0.008,0.098,5.89,6.93
strong_gust,correction_on,14.80,3.374,8.998,6.28,7.52,-0.941,-1.127,0.091,0.007,0.097,5.91,6.96
strong_gust,correction_on,14.85,3.282,8.751,6.19,7.47,-0.928,-1.120,0.093,0.005,0.096,5.92,6.96
strong_gust,correction_on,14.90,3.188,8.502,6.08,7.42,-0.912,-1.113,0.095,0.005,0.096,5.94,6.95
strong_gust,correction_on,14.95,3.094,8.251,5.96,7.37,-0.894,-1.106,0.097,0.003,0.095,5.94,6.94
strong_gust,correction_on,15.00,3.000,8.000,5.88,7.34,-0.883,-1.102,0.171,-0.009,0.132,6.74,6.75
strong_gust,correction_on,15.05,2.906,7.749,5.84,7.32,-0.875,-1.098,0.171,-0.009,0.132,6.74,6.75
strong_gust,correction_on,15.10,2.812,7.498,5.80,7.30,-0.871,-1.094,0.173,-0.009,0.134,6.77,6.77
strong_gust,correction_on,15.15,2.718,7.249,5.78,7.27,-0.866,-1.090,0.177,-0.008,0.138,6.80,6.79
strong_gust,correction_on,15.20,2.626,7.002,5.74,7.23,-0.862,-1.085,0.178,-0.008,0.140,6.82,6.82
strong_gust,correction_on,15.25,2.534,6.758,5.70,7.19,-0.856,-1.079,0.181,-0.007,0.142,6.83,6.84
strong_gust,correction_on,15.30,2.444,6.517,5.66,7.16,-0.849,-1.074,0.182,-0.007,0.142,6.83,6.86
strong_gust,correction_on,15.35,2.355,6.280,5.61,7.12,-0.841,-1.068,0.183,-0.008,0.143,6.81,6.86
strong_gust,correction_on,15.40,2.268,6.048,5.56,7.09,-0.834,-1.064,0.183,-0.009,0.142,6.78,6.85
strong_gust,correction_on,15.45,2.183,5.821,5.50,7.08,-0.826,-1.061,0.183,-0.012,0.141,6.73,6.82
strong_gust,correction_on,15.50,2.100,5.600,5.45,7.07,-0.817,-1.060,0.182,-0.014,0.140,6.66,6.77
strong_gust,correction_on,15.55,2.020,5.386,5.38,7.04,-0.807,-1.056,0.181,-0.018,0.136,6.59,6.71
strong_gust,correction_on,15.60,1.942,5.179,5.30,6.99,-0.794,-1.048,0.180,-0.021,0.133,6.50,6.64
strong_gust,correction_on,15.65,1.867,4.979,5.20,6.92,-0.780,-1.037,0.177,-0.027,0.128,6.40,6.56
strong_gust,correction_on,15.70,1.796,4.788,5.10,6.83,-0.765,-1.025,0.176,-0.031,0.125,6.28,6.46
strong_gust,correction_on,15.75,1.727,4.606,5.00,6.74,-0.750,-1.011,0.172,-0.038,0.119,6.16,6.35
strong_gust,correction_on,15.80,1.662,4.433,4.92,6.66,-0.738,-0.999,0.170,-0.042,0.116,6.01,6.22
strong_gust,correction_on,15.85,1.601,4.270,4.86,6.61,-0.728,-0.991,0.166,-0.050,0.110,5.87,6.09
strong_gust,correction_on,15.90,1.544,4.117,4.81,6.58,-0.722,-0.987,0.165,-0.054,0.107,5.72,5.94
strong_gust,correction_on,15.95,1.490,3.974,4.78,6.58,-0.717,-0.987,0.161,-0.062,0.101,5.57,5.79
strong_gust,correction_on,16.00,1.441,3.843,4.80,6.71,-0.719,-1.007,0.129,-0.174,0.110,4.76,4.33
strong_gust,correction_on,16.05,1.396,3.723,4.83,6.86,-0.724,-1.029,0.129,-0.174,0.110,4.76,4.33
strong_gust,correction_on,16.10,1.356,3.615,4.86,7.00,-0.729,-1.050,0.129,-0.177,0.112,4.75,4.30
strong_gust,correction_on,16.15,1.320,3.519,4.89,7.12,-0.734,-1.068,0.129,-0.181,0.116,4.76,4.30
strong_gust,correction_on,16.20,1.288,3.435,4.93,7.21,-0.739,-1.082,0.129,-0.183,0.117,4.78,4.32
strong_gust,correction_on,16.25,1.261,3.364,4.94,7.24,-0.741,-1.085,0.129,-0.187,0.121,4.81,4.37
strong_gust,correction_on,16.30,1.239,3.305,4.94,7.18,-0.741,-1.077,0.129,-0.190,0.123,4.84,4.44
strong_gust,correction_on,16.35,1.222,3.259,4.91,7.06,-0.737,-1.058,0.129,-0.194,0.126,4.88,4.50
strong_gust,correction_on,16.40,1.210,3.226,4.87,6.87,-0.731,-1.030,0.129,-0.196,0.128,4.91,4.54
strong_gust,correction_on,16.45,1.202,3.207,4.81,6.62,-0.722,-0.993,0.127,-0.201,0.131,4.92,4.55
strong_gust,correction_on,16.50,1.200,3.200,4.74,6.32,-0.711,-0.949,0.126,-0.204,0.134,4.91,4.50
strong_gust,correction_on,16.55,1.202,3.207,4.66,5.98,-0.698,-0.897,0.123,-0.210,0.138,4.87,4.41
strong_gust,correction_on,16.60,1.210,3.226,4.55,5.62,-0.683,-0.843,0.121,-0.213,0.140,4.80,4.26
strong_gust,correction_on,16.65,1.222,3.259,4.43,5.25,-0.665,-0.787,0.117,-0.220,0.144,4.70,4.07
strong_gust,correction_on,16.70,1.239,3.305,4.30,4.87,-0.645,-0.730,0.115,-0.224,0.148,4.56,3.80
strong_gust,correction_on,16.75,1.261,3.364,4.16,4.50,-0.624,-0.675,0.110,-0.232,0.153,4.41,3.52
strong_gust,correction_on,16.80,1.288,3.435,4.04,4.17,-0.606,-0.625,0.107,-0.236,0.156,4.21,3.19
strong_gust,correction_on,16.85,1.320,3.519,3.95,3.90,-0.592,-0.585,0.102,-0.243,0.162,4.02,2.86
strong_gust,correction_on,16.90,1.356,3.615,3.91,3.71,-0.587,-0.556,0.099,-0.248,0.165,3.79,2.51
strong_gust,correction_on,16.95,1.396,3.723,3.93,3.64,-0.590,-0.546,0.093,-0.255,0.171,3.58,2.19
strong_gust,correction_on,17.00,1.441,3.843,4.03,3.96,-0.604,-0.594,-0.009,-0.209,0.142,2.28,2.46
strong_gust,correction_on,17.05,1.490,3.974,4.13,4.43,-0.619,-0.664,-0.009,-0.209,0.142,2.28,2.46
strong_gust,correction_on,17.10,1.544,4.117,4.20,4.84,-0.630,-0.726,-0.012,-0.204,0.140,2.27,2.53
strong_gust,correction_on,17.15,1.601,4.270,4.25,5.20,-0.638,-0.779,-0.016,-0.197,0.136,2.26,2.60
strong_gust,correction_on,17.20,1.662,4.433,4.31,5.50,-0.646,-0.825,-0.018,-0.193,0.135,2.27,2.75
strong_gust,correction_on,17.25,1.727,4.606,4.37,5.75,-0.656,-0.862,-0.023,-0.187,0.132,2.31,2.95
strong_gust,correction_on,17.30,1.796,4.788,4.44,5.94,-0.666,-0.890,-0.025,-0.183,0.131,2.36,3.20
strong_gust,correction_on,17.35,1.867,4.979,4.51,6.05,-0.676,-0.908,-0.030,-0.177,0.131,2.42,3.43
strong_gust,correction_on,17.40,1.942,5.179,4.56,6.05,-0.684,-0.907,-0.033,-0.175,0.131,2.48,3.68
strong_gust,correction_on,17.45,2.020,5.386,4.59,5.94,-0.689,-0.891,-0.037,-0.172,0.132,2.54,3.87
strong_gust,correction_on,17.50,2.100,5.600,4.56,5.76,-0.685,-0.863,-0.040,-0.170,0.133,2.58,4.03
strong_gust,correction_on,17.55,2.183,5.821,4.49,5.57,-0.674,-0.835,-0.044,-0.169,0.135,2.62,4.11
strong_gust,correction_on,17.60,2.268,6.048,4.40,5.37,-0.659,-0.806,-0.046,-0.168,0.137,2.63,4.12
strong_gust,correction_on,17.65,2.355,6.280,4.27,5.16,-0.640,-0.774,-0.050,-0.169,0.140,2.63,4.06
strong_gust,correction_on,17.70,2.444,6.517,4.13,4.92,-0.620,-0.738,-0.052,-0.170,0.142,2.59,3.91
strong_gust,correction_on,17.75,2.534,6.758,3.98,4.66,-0.597,-0.699,-0.054,-0.173,0.146,2.53,3.73
strong_gust,correction_on,17.80,2.626,7.002,3.86,4.42,-0.579,-0.664,-0.056,-0.175,0.148,2.44,3.49
strong_gust,correction_on,17.85,2.718,7.249,3.76,4.19,-0.564,-0.629,-0.058,-0.179,0.152,2.33,3.24
strong_gust,correction_on,17.90,2.812,7.498,3.72,3.98,-0.558,-0.597,-0.059,-0.181,0.154,2.20,2.94
strong_gust,correction_on,17.95,2.906,7.749,3.75,3.86,-0.562,-0.580,-0.060,-0.185,0.158,2.07,2.66
crosswind_gust,correction_off,0.00,6.000,0.000,0.00,0.00,0.000,0.000,0.110,-0.113,0.021,0.42,-0.25
crosswind_gust,correction_off,0.05,6.188,0.000,0.00,0.00,0.000,0.000,0.110,-0.113,0.021,0.42,-0.25
crosswind_gust,correction_off,0.10,6.376,0.000,0.00,0.00,0.000,0.000,0.110,-0.113,0.021,0.43,-0.26
crosswind_gust,correction_off,0.15,6.563,0.000,0.00,0.00,0.000,0.000,0.110,-0.113,0.021,0.44,-0.28
crosswind_gust,correction_off,0.20,6.748,0.000,0.00,0.00,0.000,0.000,0.110,-0.113,0.021,0.44,-0.30
crosswind_gust,correction_off,0.25,6.932,0.000,0.00,0.00,0.000,0.000,0.110,-0.112,0.020,0.44,-0.31
crosswind_gust,correction_off,0.30,7.112,0.000,0.00,0.00,0.000,0.000,0.111,-0.111,0.018,0.44,-0.31
crosswind_gust,correction_off,0.35,7.290,0.000,0.00,0.00,0.000,0.000,0.112,-0.107,0.015,0.44,-0.30
crosswind_gust,correction_off,0.40,7.464,0.000,0.00,0.00,0.000,0.000,0.113,-0.105,0.012,0.45,-0.26
crosswind_gust,correction_off,0.45,7.634,0.000,0.00,0.00,0.000,0.000,0.115,-0.100,0.007,0.46,-0.21
crosswind_gust,correction_off,0.50,7.800,0.000,0.00,0.00,0.000,0.000,0.116,-0.097,0.004,0.49,-0.13
crosswind_gust,correction_off,0.55,7.961,0.000,0.00,0.00,0.000,0.000,0.119,-0.090,0.005,0.53,-0.04
crosswind_gust,correction_off,0.60,8.116,0.000,0.00,0.00,0.000,0.000,0.122,-0.085,0.010,0.59,0.07
crosswind_gust,correction_off,0.65,8.266,0.000,0.00,0.00,0.000,0.000,0.126,-0.077,0.019,0.66,0.18
crosswind_gust,correction_off,0.70,8.409,0.000,0.00,0.00,0.000,0.000,0.129,-0.072,0.024,0.76,0.32
crosswind_gust,correction_off,0.75,8.546,0.000,0.00,0.00,0.000,0.000,0.135,-0.063,0.035,0.87,0.44
crosswind_gust,correction_off,0.80,8.675,0.000,0.00,0.00,0.000,0.000,0.139,-0.056,0.043,1.00,0.58
crosswind_gust,correction_off,0.85,8.798,0.000,0.00,0.00,0.000,0.000,0.146,-0.046,0.055,1.13,0.71
crosswind_gust,correction_off,0.90,8.912,0.000,0.00,0.00,0.000,0.000,0.150,-0.041,0.062,1.29,0.85
crosswind_gust,correction_off,0.95,9.019,0.000,0.00,0.00,0.000,0.000,0.159,-0.031,0.075,1.45,0.96
crosswind_gust,correction_off,1.00,9.118,0.000,0.00,0.00,0.000,0.000,0.389,0.036,0.300,5.20,0.74
crosswind_gust,correction_off,1.05,9.208,0.000,0.00,0.00,0.000,0.000,0.389,0.036,0.300,5.20,0.74
crosswind_gust,correction_off,1.10,9.289,0.000,0.00,0.00,0.000,0.000,0.395,0.033,0.304,5.29,0.61
crosswind_gust,correction_off,1.15,9.361,0.000,0.00,0.00,0.000,0.000,0.407,0.026,0.312,5.35,0.49
crosswind_gust,correction_off,1.20,9.424,0.000,0.00,0.00,0.000,0.000,0.414,0.021,0.316,5.41,0.36
crosswind_gust,correction_off,1.25,9.477,0.000,0.00,0.00,0.000,0.000,0.425,0.013,0.324,5.45,0.24
crosswind_gust,correction_off,1.30,9.521,0.000,0.00,0.00,0.000,0.000,0.431,0.009,0.328,5.49,0.10
crosswind_gust,correction_off,1.35,9.556,0.000,0.00,0.00,0.000,0.000,0.442,-0.001,0.336,5.52,-0.03
crosswind_gust,correction_off,1.40,9.580,0.000,0.00,0.00,0.000,0.000,0.449,-0.007,0.341,5.56,-0.17
crosswind_gust,correction_off,1.45,9.595,0.000,0.00,0.00,0.000,0.000,0.459,-0.016,0.349,5.61,-0.30
crosswind_gust,correction_off,1.50,9.600,0.000,0.00,0.00,0.000,0.000,0.465,-0.021,0.353,5.67,-0.45
crosswind_gust,correction_off,1.55,9.595,0.000,0.00,0.00,0.000,0.000,0.475,-0.032,0.361,5.72,-0.57
crosswind_gust,correction_off,1.60,9.580,0.000,0.00,0.00,0.000,0.000,0.481,-0.038,0.365,5.80,-0.71
crosswind_gust,correction_off,1.65,9.556,0.000,0.00,0.00,0.000,0.000,0.490,-0.049,0.373,5.87,-0.83
crosswind_gust,correction_off,1.70,9.521,0.000,0.00,0.00,0.000,0.000,0.495,-0.054,0.377,5.94,-0.96
crosswind_gust,correction_off,1.75,9.477,0.000,0.00,0.00,0.000,0.000,0.504,-0.065,0.385,6.02,-1.07
crosswind_gust,correction_off,1.80,9.424,0.000,0.00,0.00,0.000,0.000,0.509,-0.071,0.390,6.10,-1.19
crosswind_gust,correction_off,1.85,9.361,0.000,0.00,0.00,0.000,0.000,0.517,-0.082,0.398,6.18,-1.29
crosswind_gust,correction_off,1.90,9.289,0.000,0.00,0.00,0.000,0.000,0.521,-0.088,0.402,6.26,-1.40
crosswind_gust,correction_off,1.95,9.208,0.000,0.00,0.00,0.000,0.000,0.528,-0.099,0.409,6.33,-1.49
crosswind_gust,correction_off,2.00,9.118,0.000,0.00,0.00,0.000,0.000,0.551,-0.241,0.456,6.83,-2.59
crosswind_gust,correction_off,2.05,9.019,0.000,0.00,0.00,0.000,0.000,0.551,-0.241,0.456,6.83,-2.59
crosswind_gust,correction_off,2.10,8.912,0.000,0.00,0.00,0.000,0.000,0.550,-0.242,0.455,6.83,-2.58
crosswind_gust,correction_off,2.15,8.798,0.000,0.00,0.00,0.000,0.000,0.547,-0.245,0.453,6.83,-2.57
crosswind_gust,correction_off,2.20,8.675,0.000,0.00,0.00,0.000,0.000,0.545,-0.246,0.451,6.84,-2.56
crosswind_gust,correction_off,2.25,8.546,0.000,0.00,0.00,0.000,0.000,0.541,-0.248,0.449,6.84,-2.54
crosswind_gust,correction_off,2.30,8.409,0.000,0.00,0.00,0.000,0.000,0.539,-0.249,0.447,6.83,-2.52
crosswind_gust,correction_off,2.35,8.266,0.000,0.00,0.00,0.000,0.000,0.535,-0.250,0.444,6.83,-2.51
crosswind_gust,correction_off,2.40,8.116,0.000,0.00,0.00,0.000,0.000,0.532,-0.251,0.441,6.82,-2.49
crosswind_gust,correction_off,2.45,7.961,0.000,0.00,0.00,0.000,0.000,0.528,-0.252,0.437,6.81,-2.48
crosswind_gust,correction_off,2.50,7.800,0.000,0.00,0.00,0.000,0.000,0.525,-0.253,0.435,6.80,-2.46
crosswind_gust,correction_off,2.55,7.634,0.000,0.00,0.00,0.000,0.000,0.520,-0.253,0.431,6.79,-2.45
crosswind_gust,correction_off,2.60,7.464,0.000,0.00,0.00,0.000,0.000,0.517,-0.254,0.428,6.77,-2.43
crosswind_gust,correction_off,2.65,7.290,0.000,0.00,0.00,0.000,0.000,0.511,-0.254,0.422,6.76,-2.42
crosswind_gust,correction_off,2.70,7.112,0.000,0.00,0.00,0.000,0.000,0.508,-0.254,0.419,6.74,-2.40
crosswind_gust,correction_off,2.75,6.932,0.000,0.00,0.00,0.000,0.000,0.501,-0.253,0.413,6.72,-2.39
crosswind_gust,correction_off,2.80,6.748,0.000,0.00,0.00,0.000,0.000,0.497,-0.253,0.409,6.70,-2.37
crosswind_gust,correction_off,2.85,6.563,0.000,0.00,0.00,0.000,0.000,0.490,-0.252,0.403,6.68,-2.35
crosswind_gust,correction_off,2.90,6.376,0.000,0.00,0.00,0.000,0.000,0.486,-0.252,0.399,6.66,-2.33
crosswind_gust,correction_off,2.95,6.188,0.000,0.00,0.00,0.000,0.000,0.479,-0.251,0.392,6.64,-2.32
crosswind_gust,correction_off,3.00,6.000,0.000,0.00,0.00,0.000,0.000,0.375,-0.222,0.285,6.43,-2.08
crosswind_gust,correction_off,3.05,5.812,0.000,0.00,0.00,0.000,0.000,0.375,-0.222,0.285,6.43,-2.08
crosswind_gust,correction_off,3.10,5.624,0.000,0.00,0.00,0.000,0.000,0.373,-0.220,0.283,6.46,-2.06
crosswind_gust,correction_off,3.15,5.437,0.000,0.00,0.00,0.000,0.000,0.370,-0.216,0.278,6.49,-2.04
crosswind_gust,correction_off,3.20,5.252,0.000,0.00,0.00,0.000,0.000,0.368,-0.213,0.275,6.54,-2.01
crosswind_gust,correction_off,3.25,5.068,0.000,0.00,0.00,0.000,0.000,0.364,-0.209,0.270,6.58,-1.99
crosswind_gust,correction_off,3.30,4.888,0.000,0.00,0.00,0.000,0.000,0.363,-0.206,0.267,6.62,-1.96
crosswind_gust,correction_off,3.35,4.710,0.000,0.00,0.00,0.000,0.000,0.359,-0.201,0.262,6.64,-1.93
crosswind_gust,correction_off,3.40,4.536,0.000,0.00,0.00,0.000,0.000,0.356,-0.198,0.259,6.66,-1.90
crosswind_gust,correction_off,3.45,4.366,0.000,0.00,0.00,0.000,0.000,0.352,-0.194,0.253,6.67,-1.86
crosswind_gust,correction_off,3.50,4.200,0.000,0.00,0.00,0.000,0.000,0.350,-0.191,0.250,6.66,-1.82
crosswind_gust,correction_off,3.55,4.039,0.000,0.00,0.00,0.000,0.000,0.345,-0.187,0.244,6.64,-1.79
crosswind_gust,correction_off,3.60,3.884,0.000,0.00,0.00,0.000,0.000,0.342,-0.184,0.239,6.61,-1.75
crosswind_gust,correction_off,3.65,3.734,0.000,0.00,0.00,0.000,0.000,0.336,-0.180,0.232,6.56,-1.72
crosswind_gust,correction_off,3.70,3.591,0.000,0.00,0.00,0.000,0.000,0.332,-0.179,0.229,6.50,-1.68
crosswind_gust,correction_off,3.75,3.454,0.000,0.00,0.00,0.000,0.000,0.325,-0.175,0.221,6.44,-1.65
crosswind_gust,correction_off,3.80,3.325,0.000,0.00,0.00,0.000,0.000,0.321,-0.174,0.216,6.36,-1.63
crosswind_gust,correction_off,3.85,3.202,0.000,0.00,0.00,0.000,0.000,0.313,-0.171,0.208,6.27,-1.60
crosswind_gust,correction_off,3.90,3.088,0.000,0.00,0.00,0.000,0.000,0.308,-0.170,0.203,6.18,-1.58
crosswind_gust,correction_off,3.95,2.981,0.000,0.00,0.00,0.000,0.000,0.299,-0.168,0.194,6.08,-1.57
crosswind_gust,correction_off,4.00,2.882,0.000,0.00,0.00,0.000,0.000,0.163,-0.147,0.068,4.54,-1.49
crosswind_gust,correction_off,4.05,2.792,0.000,0.00,0.00,0.000,0.000,0.163,-0.147,0.068,4.54,-1.49
crosswind_gust,correction_off,4.10,2.711,0.000,0.00,0.00,0.000,0.000,0.161,-0.147,0.067,4.54,-1.49
crosswind_gust,correction_off,4.15,2.639,0.000,0.00,0.00,0.000,0.000,0.157,-0.146,0.064,4.55,-1.50
crosswind_gust,correction_off,4.20,2.576,0.000,0.00,0.00,0.000,0.000,0.155,-0.146,0.062,4.56,-1.50
crosswind_gust,correction_off,4.25,2.523,0.000,0.00,0.00,0.000,0.000,0.150,-0.144,0.058,4.58,-1.50
crosswind_gust,correction_off,4.30,2.479,0.000,0.00,0.00,0.000,0.000,0.147,-0.143,0.056,4.60,-1.50
crosswind_gust,correction_off,4.35,2.444,0.000,0.00,0.00,0.000,0.000,0.142,-0.141,0.052,4.60,-1.49
crosswind_gust,correction_off,4.40,2.420,0.000,0.00,0.00,0.000,0.000,0.139,-0.139,0.049,4.60,-1.47
crosswind_gust,correction_off,4.45,2.405,0.000,0.00,0.00,0.000,0.000,0.133,-0.137,0.044,4.58,-1.45
crosswind_gust,correction_off,4.50,2.400,0.000,0.00,0.00,0.000,0.000,0.130,-0.135,0.042,4.54,-1.42
crosswind_gust,correction_off,4.55,2.405,0.000,0.00,0.00,0.000,0.000,0.123,-0.131,0.037,4.50,-1.38
crosswind_gust,correction_off,4.60,2.420,0.000,0.00,0.00,0.000,0.000,0.118,-0.129,0.034,4.43,-1.34
crosswind_gust,correction_off,4.65,2.444,0.000,0.00,0.00,0.000,0.000,0.110,-0.125,0.032,4.36,-1.30
crosswind_gust,correction_off,4.70,2.479,0.000,0.00,0.00,0.000,0.000,0.106,-0.123,0.031,4.28,-1.25
crosswind_gust,correction_off,4.75,2.523,0.000,0.00,0.00,0.000,0.000,0.097,-0.118,0.033,4.19,-1.20
crosswind_gust,correction_off,4.80,2.576,0.000,0.00,0.00,0.000,0.000,0.092,-0.116,0.035,4.08,-1.14
crosswind_gust,correction_off,4.85,2.639,0.000,0.00,0.00,0.000,0.000,0.082,-0.112,0.041,3.98,-1.09
crosswind_gust,correction_off,4.90,2.711,0.000,0.00,0.00,0.000,0.000,0.078,-0.110,0.045,3.86,-1.04
crosswind_gust,correction_off,4.95,2.792,0.000,0.00,0.00,0.000,0.000,0.068,-0.106,0.053,3.75,-0.99
crosswind_gust,correction_off,5.00,2.882,0.000,0.00,0.00,0.000,0.000,-0.074,-0.058,0.197,2.11,-0.48
crosswind_gust,correction_off,5.05,2.981,0.000,0.00,0.00,0.000,0.000,-0.074,-0.058,0.197,2.11,-0.48
crosswind_gust,correction_off,5.10,3.088,0.000,0.00,0.00,0.000,0.000,-0.076,-0.058,0.199,2.11,-0.50
crosswind_gust,correction_off,5.15,3.202,0.000,0.00,0.00,0.000,0.000,-0.079,-0.058,0.202,2.10,-0.52
crosswind_gust,correction_off,5.20,3.325,0.000,0.00,0.00,0.000,0.000,-0.080,-0.058,0.203,2.10,-0.53
crosswind_gust,correction_off,5.25,3.454,0.000,0.00,0.00,0.000,0.000,-0.083,-0.059,0.206,2.10,-0.55
crosswind_gust,correction_off,5.30,3.591,0.000,0.00,0.00,0.000,0.000,-0.084,-0.059,0.207,2.11,-0.56
crosswind_gust,correction_off,5.35,3.734,0.000,0.00,0.00,0.000,0.000,-0.086,-0.060,0.208,2.11,-0.58
crosswind_gust,correction_off,5.40,3.884,0.000,0.00,0.00,0.000,0.000,-0.087,-0.060,0.209,2.12,-0.60
crosswind_gust,correction_off,5.45,4.039,0.000,0.00,0.00,0.000,0.000,-0.088,-0.061,0.211,2.12,-0.61
crosswind_gust,correction_off,5.50,4.200,0.000,0.00,0.00,0.000,0.000,-0.089,-0.061,0.211,2.13,-0.62
crosswind_gust,correction_off,5.55,4.366,0.000,0.00,0.00,0.000,0.000,-0.090,-0.060,0.213,2.14,-0.63
crosswind_gust,correction_off,5.60,4.536,0.000,0.00,0.00,0.000,0.000,-0.091,-0.060,0.213,2.14,-0.64
crosswind_gust,correction_off,5.65,4.710,0.000,0.00,0.00,0.000,0.000,-0.092,-0.059,0.214,2.15,-0.64
crosswind_gust,correction_off,5.70,4.888,0.000,0.00,0.00,0.000,0.000,-0.092,-0.059,0.214,2.15,-0.64
crosswind_gust,correction_off,5.75,5.068,0.000,0.00,0.00,0.000,0.000,-0.091,-0.058,0.214,2.15,-0.63
crosswind_gust,correction_off,5.80,5.252,0.000,0.00,0.00,0.000,0.000,-0.091,-0.058,0.214,2.16,-0.63
crosswind_gust,correction_off,5.85,5.437,0.000,0.00,0.00,0.000,0.000,-0.089,-0.057,0.212,2.17,-0.62
crosswind_gust,correction_off,5.90,5.624,0.000,0.00,0.00,0.000,0.000,-0.088,-0.056,0.211,2.18,-0.61
crosswind_gust,correction_off,5.95,5.812,0.000,0.00,0.00,0.000,0.000,-0.086,-0.055,0.209,2.20,-0.60
crosswind_gust,correction_off,6.00,6.000,0.000,0.00,0.00,0.000,0.000,-0.006,-0.028,0.143,2.83,-0.41
crosswind_gust,correction_off,6.05,6.188,0.000,0.00,0.00,0.000,0.000,-0.006,-0.028,0.143,2.83,-0.41
crosswind_gust,correction_off,6.10,6.376,0.000,0.00,0.00,0.000,0.000,-0.005,-0.028,0.141,2.85,-0.40
crosswind_gust,correction_off,6.15,6.563,0.000,0.00,0.00,0.000,0.000,-0.001,-0.027,0.138,2.85,-0.40
crosswind_gust,correction_off,6.20,6.748,0.000,0.00,0.00,0.000,0.000,0.001,-0.027,0.137,2.83,-0.40
crosswind_gust,correction_off,6.25,6.932,0.000,0.00,0.00,0.000,0.000,0.004,-0.027,0.134,2.82,-0.40
crosswind_gust,correction_off,6.30,7.112,0.000,0.00,0.00,0.000,0.000,0.006,-0.027,0.132,2.79,-0.41
crosswind_gust,correction_off,6.35,7.290,0.000,0.00,0.00,0.000,0.000,0.009,-0.027,0.129,2.77,-0.42
crosswind_gust,correction_off,6.40,7.464,0.000,0.00,0.00,0.000,0.000,0.011,-0.028,0.128,2.75,-0.44
crosswind_gust,correction_off,6.45,7.634,0.000,0.00,0.00,0.000,0.000,0.015,-0.028,0.124,2.75,-0.45
crosswind_gust,correction_off,6.50,7.800,0.000,0.00,0.00,0.000,0.000,0.017,-0.028,0.123,2.75,-0.47
crosswind_gust,correction_off,6.55,7.961,0.000,0.00,0.00,0.000,0.000,0.021,-0.029,0.119,2.76,-0.49
crosswind_gust,correction_off,6.60,8.116,0.000,0.00,0.00,0.000,0.000,0.023,-0.029,0.117,2.79,-0.51
crosswind_gust,correction_off,6.65,8.266,0.000,0.00,0.00,0.000,0.000,0.028,-0.029,0.112,2.83,-0.53
crosswind_gust,correction_off,6.70,8.409,0.000,0.00,0.00,0.000,0.000,0.031,-0.030,0.110,2.88,-0.56
crosswind_gust,correction_off,6.75,8.546,0.000,0.00,0.00,0.000,0.000,0.036,-0.031,0.105,2.93,-0.58
crosswind_gust,correction_off,6.80,8.675,0.000,0.00,0.00,0.000,0.000,0.040,-0.031,0.102,3.01,-0.60
crosswind_gust,correction_off,6.85,8.798,0.000,0.00,0.00,0.000,0.000,0.046,-0.033,0.096,3.06,-0.63
crosswind_gust,correction_off,6.90,8.912,0.000,0.00,0.00,0.000,0.000,0.050,-0.034,0.092,3.16,-0.66
crosswind_gust,correction_off,6.95,9.019,0.000,0.00,0.00,0.000,0.000,0.058,-0.036,0.086,3.23,-0.68
crosswind_gust,correction_off,7.00,9.118,0.000,0.00,0.00,0.000,0.000,0.195,-0.098,0.076,4.87,-1.50
crosswind_gust,correction_off,7.05,9.208,0.000,0.00,0.00,0.000,0.000,0.195,-0.098,0.076,4.87,-1.50
crosswind_gust,correction_off,7.10,9.289,0.000,0.00,0.00,0.000,0.000,0.198,-0.100,0.078,4.88,-1.51
crosswind_gust,correction_off,7.15,9.361,0.000,0.00,0.00,0.000,0.000,0.202,-0.102,0.082,4.89,-1.51
crosswind_gust,correction_off,7.20,9.424,0.000,0.00,0.00,0.000,0.000,0.204,-0.103,0.085,4.87,-1.52
crosswind_gust,correction_off,7.25,9.477,0.000,0.00,0.00,0.000,0.000,0.207,-0.106,0.088,4.86,-1.52
crosswind_gust,correction_off,7.30,9.521,0.000,0.00,0.00,0.000,0.000,0.209,-0.107,0.090,4.84,-1.52
crosswind_gust,correction_off,7.35,9.556,0.000,0.00,0.00,0.000,0.000,0.212,-0.109,0.093,4.83,-1.53
crosswind_gust,correction_off,7.40,9.580,0.000,0.00,0.00,0.000,0.000,0.214,-0.110,0.095,4.81,-1.53
crosswind_gust,correction_off,7.45,9.595,0.000,0.00,0.00,0.000,0.000,0.217,-0.112,0.099,4.81,-1.54
crosswind_gust,correction_off,7.50,9.600,0.000,0.00,0.00,0.000,0.000,0.219,-0.113,0.101,4.82,-1.55
crosswind_gust,correction_off,7.55,9.595,0.000,0.00,0.00,0.000,0.000,0.223,-0.114,0.105,4.83,-1.55
crosswind_gust,correction_off,7.60,9.580,0.000,0.00,0.00,0.000,0.000,0.225,-0.114,0.108,4.87,-1.56
crosswind_gust,correction_off,7.65,9.556,0.000,0.00,0.00,0.000,0.000,0.230,-0.115,0.112,4.91,-1.57
crosswind_gust,correction_off,7.70,9.521,0.000,0.00,0.00,0.000,0.000,0.233,-0.116,0.115,4.97,-1.58
crosswind_gust,correction_off,7.75,9.477,0.000,0.00,0.00,0.000,0.000,0.238,-0.116,0.121,5.03,-1.58
crosswind_gust,correction_off,7.80,9.424,0.000,0.00,0.00,0.000,0.000,0.242,-0.116,0.125,5.12,-1.59
crosswind_gust,correction_off,7.85,9.361,0.000,0.00,0.00,0.000,0.000,0.249,-0.116,0.131,5.19,-1.60
crosswind_gust,correction_off,7.90,9.289,0.000,0.00,0.00,0.000,0.000,0.253,-0.117,0.135,5.31,-1.60
crosswind_gust,correction_off,7.95,9.208,0.000,0.00,0.00,0.000,0.000,0.260,-0.117,0.142,5.39,-1.61
crosswind_gust,correction_off,8.00,9.118,0.000,0.00,0.00,0.000,0.000,0.353,-0.141,0.238,6.88,-1.98
crosswind_gust,correction_off,8.05,9.019,0.000,0.00,0.00,0.000,0.000,0.353,-0.141,0.238,6.88,-1.98
crosswind_gust,correction_off,8.10,8.912,0.000,0.00,0.00,0.000,0.000,0.353,-0.141,0.238,6.89,-2.00
crosswind_gust,correction_off,8.15,8.798,0.000,0.00,0.00,0.000,0.000,0.354,-0.143,0.239,6.89,-2.01
crosswind_gust,correction_off,8.20,8.675,0.000,0.00,0.00,0.000,0.000,0.354,-0.144,0.240,6.88,-2.03
crosswind_gust,correction_off,8.25,8.546,0.000,0.00,0.00,0.000,0.000,0.354,-0.145,0.239,6.88,-2.03
crosswind_gust,correction_off,8.30,8.409,0.000,0.00,0.00,0.000,0.000,0.354,-0.145,0.239,6.86,-2.04
crosswind_gust,correction_off,8.35,8.266,0.000,0.00,0.00,0.000,0.000,0.353,-0.146,0.239,6.86,-2.04
crosswind_gust,correction_off,8.40,8.116,0.000,0.00,0.00,0.000,0.000,0.352,-0.146,0.238,6.84,-2.04
crosswind_gust,correction_off,8.45,7.961,0.000,0.00,0.00,0.000,0.000,0.351,-0.146,0.237,6.83,-2.04
crosswind_gust,correction_off,8.50,7.800,0.000,0.00,0.00,0.000,0.000,0.350,-0.146,0.236,6.81,-2.03
crosswind_gust,correction_off,8.55,7.634,0.000,0.00,0.00,0.000,0.000,0.349,-0.146,0.235,6.80,-2.02
crosswind_gust,correction_off,8.60,7.464,0.000,0.00,0.00,0.000,0.000,0.348,-0.146,0.234,6.79,-2.01
crosswind_gust,correction_off,8.65,7.290,0.000,0.00,0.00,0.000,0.000,0.346,-0.145,0.232,6.77,-2.00
crosswind_gust,correction_off,8.70,7.112,0.000,0.00,0.00,0.000,0.000,0.345,-0.145,0.231,6.76,-1.99
crosswind_gust,correction_off,8.75,6.932,0.000,0.00,0.00,0.000,0.000,0.343,-0.144,0.229,6.75,-1.98
crosswind_gust,correction_off,8.80,6.748,0.000,0.00,0.00,0.000,0.000,0.342,-0.143,0.228,6.74,-1.96
crosswind_gust,correction_off,8.85,6.563,0.000,0.00,0.00,0.000,0.000,0.340,-0.142,0.226,6.74,-1.95
crosswind_gust,correction_off,8.90,6.376,0.000,0.00,0.00,0.000,0.000,0.339,-0.141,0.225,6.73,-1.93
crosswind_gust,correction_off,8.95,6.188,0.000,0.00,0.00,0.000,0.000,0.338,-0.140,0.223,6.72,-1.92
crosswind_gust,correction_off,9.00,6.000,0.000,0.00,0.00,0.000,0.000,0.307,-0.145,0.194,6.76,-2.02
crosswind_gust,correction_off,9.05,5.812,0.000,0.00,0.00,0.000,0.000,0.307,-0.145,0.194,6.76,-2.02
crosswind_gust,correction_off,9.10,5.624,0.000,0.00,0.00,0.000,0.000,0.306,-0.145,0.193,6.76,-2.03
crosswind_gust,correction_off,9.15,5.437,0.000,0.00,0.00,0.000,0.000,0.303,-0.145,0.190,6.76,-2.03
crosswind_gust,correction_off,9.20,5.252,0.000,0.00,0.00,0.000,0.000,0.301,-0.145,0.189,6.78,-2.03
crosswind_gust,correction_off,9.25,5.068,0.000,0.00,0.00,0.000,0.000,0.299,-0.144,0.186,6.79,-2.03
crosswind_gust,correction_off,9.30,4.888,0.000,0.00,0.00,0.000,0.000,0.297,-0.144,0.184,6.80,-2.02
crosswind_gust,correction_off,9.35,4.710,0.000,0.00,0.00,0.000,0.000,0.294,-0.143,0.181,6.80,-2.01
crosswind_gust,correction_off,9.40,4.536,0.000,0.00,0.00,0.000,0.000,0.291,-0.143,0.178,6.80,-1.99
crosswind_gust,correction_off,9.45,4.366,0.000,0.00,0.00,0.000,0.000,0.287,-0.142,0.174,6.79,-1.98
crosswind_gust,correction_off,9.50,4.200,0.000,0.00,0.00,0.000,0.000,0.285,-0.141,0.172,6.76,-1.95
crosswind_gust,correction_off,9.55,4.039,0.000,0.00,0.00,0.000,0.000,0.280,-0.140,0.166,6.73,-1.94
crosswind_gust,correction_off,9.60,3.884,0.000,0.00,0.00,0.000,0.000,0.276,-0.140,0.162,6.66,-1.91
crosswind_gust,correction_off,9.65,3.734,0.000,0.00,0.00,0.000,0.000,0.269,-0.139,0.156,6.61,-1.89
crosswind_gust,correction_off,9.70,3.591,0.000,0.00,0.00,0.000,0.000,0.265,-0.138,0.152,6.52,-1.85
crosswind_gust,correction_off,9.75,3.454,0.000,0.00,0.00,0.000,0.000,0.257,-0.138,0.144,6.45,-1.83
crosswind_gust,correction_off,9.80,3.325,0.000,0.00,0.00,0.000,0.000,0.252,-0.137,0.139,6.33,-1.80
crosswind_gust,correction_off,9.85,3.202,0.000,0.00,0.00,0.000,0.000,0.243,-0.136,0.130,6.25,-1.78
crosswind_gust,correction_off,9.90,3.088,0.000,0.00,0.00,0.000,0.000,0.238,-0.136,0.126,6.11,-1.75
crosswind_gust,correction_off,9.95,2.981,0.000,0.00,0.00,0.000,0.000,0.228,-0.134,0.115,6.02,-1.73
crosswind_gust,correction_off,10.00,2.882,0.000,0.00,0.00,0.000,0.000,0.069,-0.109,0.052,4.26,-1.27
crosswind_gust,correction_off,10.05,2.792,0.000,0.00,0.00,0.000,0.000,0.069,-0.109,0.052,4.26,-1.27
crosswind_gust,correction_off,10.10,2.711,0.000,0.00,0.00,0.000,0.000,0.067,-0.108,0.055,4.25,-1.25
crosswind_gust,correction_off,10.15,2.639,0.000,0.00,0.00,0.000,0.000,0.062,-0.106,0.059,4.24,-1.24
crosswind_gust,correction_off,10.20,2.576,0.000,0.00,0.00,0.000,0.000,0.059,-0.105,0.061,4.26,-1.23
crosswind_gust,correction_off,10.25,2.523,0.000,0.00,0.00,0.000,0.000,0.055,-0.103,0.065,4.27,-1.21
crosswind_gust,correction_off,10.30,2.479,0.000,0.00,0.00,0.000,0.000,0.053,-0.102,0.067,4.29,-1.19
crosswind_gust,correction_off,10.35,2.444,0.000,0.00,0.00,0.000,0.000,0.049,-0.101,0.071,4.30,-1.18
crosswind_gust,correction_off,10.40,2.420,0.000,0.00,0.00,0.000,0.000,0.046,-0.100,0.074,4.31,-1.16
crosswind_gust,correction_off,10.45,2.405,0.000,0.00,0.00,0.000,0.000,0.041,-0.098,0.078,4.30,-1.14
crosswind_gust,correction_off,10.50,2.400,0.000,0.00,0.00,0.000,0.000,0.039,-0.098,0.081,4.28,-1.12
crosswind_gust,correction_off,10.55,2.405,0.000,0.00,0.00,0.000,0.000,0.034,-0.097,0.086,4.26,-1.11
crosswind_gust,correction_off,10.60,2.420,0.000,0.00,0.00,0.000,0.000,0.031,-0.096,0.089,4.22,-1.09
crosswind_gust,correction_off,10.65,2.444,0.000,0.00,0.00,0.000,0.000,0.025,-0.094,0.095,4.18,-1.07
crosswind_gust,correction_off,10.70,2.479,0.000,0.00,0.00,0.000,0.000,0.022,-0.093,0.098,4.10,-1.05
crosswind_gust,correction_off,10.75,2.523,0.000,0.00,0.00,0.000,0.000,0.015,-0.091,0.105,4.05,-1.03
crosswind_gust,correction_off,10.80,2.576,0.000,0.00,0.00,0.000,0.000,0.010,-0.090,0.109,3.95,-1.01
crosswind_gust,correction_off,10.85,2.639,0.000,0.00,0.00,0.000,0.000,0.003,-0.088,0.117,3.85,-0.98
crosswind_gust,correction_off,10.90,2.711,0.000,0.00,0.00,0.000,0.000,-0.001,-0.087,0.121,3.76,-0.95
crosswind_gust,correction_off,10.95,2.792,0.000,0.00,0.00,0.000,0.000,-0.008,-0.085,0.128,3.66,-0.92
crosswind_gust,correction_off,11.00,2.882,0.000,0.00,0.00,0.000,0.000,-0.076,-0.038,0.204,2.52,-0.42
crosswind_gust,correction_off,11.05,2.981,0.000,0.00,0.00,0.000,0.000,-0.076,-0.038,0.204,2.52,-0.42
crosswind_gust,correction_off,11.10,3.088,0.000,0.00,0.00,0.000,0.000,-0.077,-0.036,0.205,2.52,-0.39
crosswind_gust,correction_off,11.15,3.202,0.000,0.00,0.00,0.000,0.000,-0.077,-0.032,0.206,2.51,-0.37
crosswind_gust,correction_off,11.20,3.325,0.000,0.00,0.00,0.000,0.000,-0.077,-0.030,0.207,2.51,-0.35
crosswind_gust,correction_off,11.25,3.454,0.000,0.00,0.00,0.000,0.000,-0.077,-0.027,0.208,2.51,-0.33
crosswind_gust,correction_off,11.30,3.591,0.000,0.00,0.00,0.000,0.000,-0.077,-0.026,0.208,2.51,-0.30
crosswind_gust,correction_off,11.35,3.734,0.000,0.00,0.00,0.000,0.000,-0.077,-0.024,0.209,2.50,-0.29
crosswind_gust,correction_off,11.40,3.884,0.000,0.00,0.00,0.000,0.000,-0.077,-0.023,0.209,2.50,-0.27
crosswind_gust,correction_off,11.45,4.039,0.000,0.00,0.00,0.000,0.000,-0.077,-0.021,0.210,2.50,-0.26
crosswind_gust,correction_off,11.50,4.200,0.000,0.00,0.00,0.000,0.000,-0.077,-0.020,0.210,2.50,-0.26
crosswind_gust,correction_off,11.55,4.366,0.000,0.00,0.00,0.000,0.000,-0.077,-0.019,0.211,2.49,-0.26
crosswind_gust,correction_off,11.60,4.536,0.000,0.00,0.00,0.000,0.000,-0.077,-0.018,0.211,2.49,-0.26
crosswind_gust,correction_off,11.65,4.710,0.000,0.00,0.00,0.000,0.000,-0.077,-0.017,0.211,2.48,-0.26
crosswind_gust,correction_off,11.70,4.888,0.000,0.00,0.00,0.000,0.000,-0.077,-0.017,0.211,2.47,-0.27
crosswind_gust,correction_off,11.75,5.068,0.000,0.00,0.00,0.000,0.000,-0.077,-0.016,0.211,2.46,-0.28
crosswind_gust,correction_off,11.80,5.252,0.000,0.00,0.00,0.000,0.000,-0.077,-0.016,0.211,2.45,-0.28
crosswind_gust,correction_off,11.85,5.437,0.000,0.00,0.00,0.000,0.000,-0.076,-0.017,0.211,2.44,-0.29
crosswind_gust,correction_off,11.90,5.624,0.000,0.00,0.00,0.000,0.000,-0.076,-0.017,0.210,2.43,-0.30
crosswind_gust,correction_off,11.95,5.812,0.000,0.00,0.00,0.000,0.000,-0.075,-0.018,0.209,2.42,-0.32
crosswind_gust,correction_off,12.00,6.000,0.000,0.00,0.00,0.000,0.000,-0.024,-0.034,0.156,2.67,-0.54
crosswind_gust,correction_off,12.05,6.188,0.000,0.00,0.00,0.000,0.000,-0.024,-0.034,0.156,2.67,-0.54
crosswind_gust,correction_off,12.10,6.376,0.000,0.00,0.00,0.000,0.000,-0.023,-0.035,0.155,2.67,-0.54
crosswind_gust,correction_off,12.15,6.563,0.000,0.00,0.00,0.000,0.000,-0.021,-0.036,0.153,2.66,-0.55
crosswind_gust,correction_off,12.20,6.748,0.000,0.00,0.00,0.000,0.000,-0.020,-0.036,0.151,2.63,-0.55
crosswind_gust,correction_off,12.25,6.932,0.000,0.00,0.00,0.000,0.000,-0.018,-0.037,0.149,2.61,-0.55
crosswind_gust,correction_off,12.30,7.112,0.000,0.00,0.00,0.000,0.000,-0.017,-0.038,0.148,2.58,-0.56
crosswind_gust,correction_off,12.35,7.290,0.000,0.00,0.00,0.000,0.000,-0.016,-0.039,0.147,2.56,-0.57
crosswind_gust,correction_off,12.40,7.464,0.000,0.00,0.00,0.000,0.000,-0.015,-0.039,0.146,2.54,-0.58
crosswind_gust,correction_off,12.45,7.634,0.000,0.00,0.00,0.000,0.000,-0.013,-0.040,0.144,2.53,-0.59
crosswind_gust,correction_off,12.50,7.800,0.000,0.00,0.00,0.000,0.000,-0.012,-0.040,0.142,2.54,-0.60
crosswind_gust,correction_off,12.55,7.961,0.000,0.00,0.00,0.000,0.000,-0.009,-0.041,0.140,2.55,-0.61
crosswind_gust,correction_off,12.60,8.116,0.000,0.00,0.00,0.000,0.000,-0.007,-0.042,0.138,2.58,-0.62
crosswind_gust,correction_off,12.65,8.266,0.000,0.00,0.00,0.000,0.000,-0.004,-0.042,0.134,2.62,-0.63
crosswind_gust,correction_off,12.70,8.409,0.000,0.00,0.00,0.000,0.000,-0.002,-0.043,0.132,2.67,-0.64
crosswind_gust,correction_off,12.75,8.546,0.000,0.00,0.00,0.000,0.000,0.003,-0.044,0.128,2.73,-0.66
crosswind_gust,correction_off,12.80,8.675,0.000,0.00,0.00,0.000,0.000,0.006,-0.044,0.124,2.79,-0.67
crosswind_gust,correction_off,12.85,8.798,0.000,0.00,0.00,0.000,0.000,0.012,-0.046,0.118,2.87,-0.68
crosswind_gust,correction_off,12.90,8.912,0.000,0.00,0.00,0.000,0.000,0.015,-0.046,0.115,2.96,-0.70
crosswind_gust,correction_off,12.95,9.019,0.000,0.00,0.00,0.000,0.000,0.022,-0.048,0.108,3.05,-0.72
crosswind_gust,correction_off,13.00,9.118,0.000,0.00,0.00,0.000,0.000,0.183,-0.083,0.064,5.03,-1.24
crosswind_gust,correction_off,13.05,9.208,0.000,0.00,0.00,0.000,0.000,0.183,-0.083,0.064,5.03,-1.24
crosswind_gust,correction_off,13.10,9.289,0.000,0.00,0.00,0.000,0.000,0.186,-0.084,0.067,5.06,-1.24
crosswind_gust,correction_off,13.15,9.361,0.000,0.00,0.00,0.000,0.000,0.190,-0.085,0.071,5.07,-1.25
crosswind_gust,correction_off,13.20,9.424,0.000,0.00,0.00,0.000,0.000,0.195,-0.085,0.076,5.06,-1.25
crosswind_gust,correction_off,13.25,9.477,0.000,0.00,0.00,0.000,0.000,0.197,-0.086,0.078,5.04,-1.25
crosswind_gust,correction_off,13.30,9.521,0.000,0.00,0.00,0.000,0.000,0.200,-0.086,0.081,5.02,-1.25
crosswind_gust,correction_off,13.35,9.556,0.000,0.00,0.00,0.000,0.000,0.202,-0.086,0.083,4.99,-1.24
crosswind_gust,correction_off,13.40,9.580,0.000,0.00,0.00,0.000,0.000,0.205,-0.087,0.086,4.97,-1.24
crosswind_gust,correction_off,13.45,9.595,0.000,0.00,0.00,0.000,0.000,0.207,-0.087,0.087,4.96,-1.24
crosswind_gust,correction_off,13.50,9.600,0.000,0.00,0.00,0.000,0.000,0.210,-0.088,0.090,4.96,-1.24
crosswind_gust,correction_off,13.55,9.595,0.000,0.00,0.00,0.000,0.000,0.211,-0.088,0.092,4.97,-1.24
crosswind_gust,correction_off,13.60,9.580,0.000,0.00,0.00,0.000,0.000,0.215,-0.089,0.095,4.99,-1.25
crosswind_gust,correction_off,13.65,9.556,0.000,0.00,0.00,0.000,0.000,0.216,-0.089,0.097,5.02,-1.25
crosswind_gust,correction_off,13.70,9.521,0.000,0.00,0.00,0.000,0.000,0.220,-0.090,0.101,5.06,-1.26
crosswind_gust,correction_off,13.75,9.477,0.000,0.00,0.00,0.000,0.000,0.222,-0.090,0.103,5.11,-1.27
crosswind_gust,correction_off,13.80,9.424,0.000,0.00,0.00,0.000,0.000,0.227,-0.092,0.108,5.17,-1.29
crosswind_gust,correction_off,13.85,9.361,0.000,0.00,0.00,0.000,0.000,0.230,-0.092,0.110,5.24,-1.30
crosswind_gust,correction_off,13.90,9.289,0.000,0.00,0.00,0.000,0.000,0.235,-0.094,0.115,5.31,-1.32
crosswind_gust,correction_off,13.95,9.208,0.000,0.00,0.00,0.000,0.000,0.237,-0.095,0.118,5.39,-1.35
crosswind_gust,correction_off,14.00,9.118,0.000,0.00,0.00,0.000,0.000,0.326,-0.128,0.209,6.80,-1.82
crosswind_gust,correction_off,14.05,9.019,0.000,0.00,0.00,0.000,0.000,0.326,-0.128,0.209,6.80,-1.82
crosswind_gust,correction_off,14.10,8.912,0.000,0.00,0.00,0.000,0.000,0.330,-0.130,0.213,6.83,-1.83
crosswind_gust,correction_off,14.15,8.798,0.000,0.00,0.00,0.000,0.000,0.331,-0.131,0.215,6.86,-1.84
crosswind_gust,correction_off,14.20,8.675,0.000,0.00,0.00,0.000,0.000,0.334,-0.133,0.218,6.89,-1.85
crosswind_gust,correction_off,14.25,8.546,0.000,0.00,0.00,0.000,0.000,0.336,-0.133,0.220,6.91,-1.87
crosswind_gust,correction_off,14.30,8.409,0.000,0.00,0.00,0.000,0.000,0.337,-0.134,0.221,6.93,-1.87
crosswind_gust,correction_off,14.35,8.266,0.000,0.00,0.00,0.000,0.000,0.339,-0.135,0.223,6.95,-1.88
crosswind_gust,correction_off,14.40,8.116,0.000,0.00,0.00,0.000,0.000,0.341,-0.137,0.225,6.97,-1.89
crosswind_gust,correction_off,14.45,7.961,0.000,0.00,0.00,0.000,0.000,0.341,-0.138,0.226,6.98,-1.89
crosswind_gust,correction_off,14.50,7.800,0.000,0.00,0.00,0.000,0.000,0.342,-0.140,0.226,6.99,-1.89
crosswind_gust,correction_off,14.55,7.634,0.000,0.00,0.00,0.000,0.000,0.342,-0.141,0.227,6.99,-1.90
crosswind_gust,correction_off,14.60,7.464,0.000,0.00,0.00,0.000,0.000,0.342,-0.143,0.227,6.99,-1.90
crosswind_gust,correction_off,14.65,7.290,0.000,0.00,0.00,0.000,0.000,0.342,-0.144,0.228,6.98,-1.91
crosswind_gust,correction_off,14.70,7.112,0.000,0.00,0.00,0.000,0.000,0.342,-0.147,0.228,6.97,-1.92
crosswind_gust,correction_off,14.75,6.932,0.000,0.00,0.00,0.000,0.000,0.342,-0.148,0.228,6.96,-1.93
crosswind_gust,correction_off,14.80,6.748,0.000,0.00,0.00,0.000,0.000,0.341,-0.151,0.229,6.95,-1.94
crosswind_gust,correction_off,14.85,6.563,0.000,0.00,0.00,0.000,0.000,0.341,-0.153,0.229,6.94,-1.96
crosswind_gust,correction_off,14.90,6.376,0.000,0.00,0.00,0.000,0.000,0.339,-0.155,0.228,6.93,-1.97
crosswind_gust,correction_off,14.95,6.188,0.000,0.00,0.00,0.000,0.000,0.339,-0.156,0.228,6.91,-1.99
crosswind_gust,correction_off,15.00,6.000,0.000,0.00,0.00,0.000,0.000,0.282,-0.147,0.170,6.57,-1.73
crosswind_gust,correction_off,15.05,5.812,0.000,0.00,0.00,0.000,0.000,0.282,-0.147,0.170,6.57,-1.73
crosswind_gust,correction_off,15.10,5.624,0.000,0.00,0.00,0.000,0.000,0.279,-0.146,0.168,6.57,-1.72
crosswind_gust,correction_off,15.15,5.437,0.000,0.00,0.00,0.000,0.000,0.278,-0.146,0.167,6.59,-1.71
crosswind_gust,correction_off,15.20,5.252,0.000,0.00,0.00,0.000,0.000,0.276,-0.146,0.165,6.61,-1.70
crosswind_gust,correction_off,15.25,5.068,0.000,0.00,0.00,0.000,0.000,0.276,-0.146,0.164,6.64,-1.70
crosswind_gust,correction_off,15.30,4.888,0.000,0.00,0.00,0.000,0.000,0.274,-0.146,0.162,6.67,-1.70
crosswind_gust,correction_off,15.35,4.710,0.000,0.00,0.00,0.000,0.000,0.273,-0.147,0.162,6.69,-1.70
crosswind_gust,correction_off,15.40,4.536,0.000,0.00,0.00,0.000,0.000,0.270,-0.148,0.160,6.71,-1.71
crosswind_gust,correction_off,15.45,4.366,0.000,0.00,0.00,0.000,0.000,0.269,-0.148,0.159,6.71,-1.72
crosswind_gust,correction_off,15.50,4.200,0.000,0.00,0.00,0.000,0.000,0.267,-0.149,0.157,6.71,-1.73
crosswind_gust,correction_off,15.55,4.039,0.000,0.00,0.00,0.000,0.000,0.266,-0.150,0.156,6.69,-1.73
crosswind_gust,correction_off,15.60,3.884,0.000,0.00,0.00,0.000,0.000,0.262,-0.150,0.153,6.66,-1.74
crosswind_gust,correction_off,15.65,3.734,0.000,0.00,0.00,0.000,0.000,0.261,-0.150,0.152,6.62,-1.75
crosswind_gust,correction_off,15.70,3.591,0.000,0.00,0.00,0.000,0.000,0.256,-0.151,0.148,6.57,-1.75
crosswind_gust,correction_off,15.75,3.454,0.000,0.00,0.00,0.000,0.000,0.254,-0.151,0.146,6.51,-1.75
crosswind_gust,correction_off,15.80,3.325,0.000,0.00,0.00,0.000,0.000,0.248,-0.150,0.140,6.44,-1.75
crosswind_gust,correction_off,15.85,3.202,0.000,0.00,0.00,0.000,0.000,0.245,-0.150,0.137,6.36,-1.74
crosswind_gust,correction_off,15.90,3.088,0.000,0.00,0.00,0.000,0.000,0.238,-0.149,0.130,6.28,-1.72
crosswind_gust,correction_off,15.95,2.981,0.000,0.00,0.00,0.000,0.000,0.234,-0.149,0.127,6.19,-1.70
crosswind_gust,correction_off,16.00,2.882,0.000,0.00,0.00,0.000,0.000,0.064,-0.111,0.058,4.17,-1.06
crosswind_gust,correction_off,16.05,2.792,0.000,0.00,0.00,0.000,0.000,0.064,-0.111,0.058,4.17,-1.06
crosswind_gust,correction_off,16.10,2.711,0.000,0.00,0.00,0.000,0.000,0.058,-0.110,0.063,4.14,-1.05
crosswind_gust,correction_off,16.15,2.639,0.000,0.00,0.00,0.000,0.000,0.056,-0.109,0.066,4.13,-1.04
crosswind_gust,correction_off,16.20,2.576,0.000,0.00,0.00,0.000,0.000,0.051,-0.107,0.070,4.13,-1.04
crosswind_gust,correction_off,16.25,2.523,0.000,0.00,0.00,0.000,0.000,0.049,-0.106,0.071,4.15,-1.03
crosswind_gust,correction_off,16.30,2.479,0.000,0.00,0.00,0.000,0.000,0.046,-0.104,0.074,4.18,-1.03
crosswind_gust,correction_off,16.35,2.444,0.000,0.00,0.00,0.000,0.000,0.045,-0.104,0.075,4.20,-1.02
crosswind_gust,correction_off,16.40,2.420,0.000,0.00,0.00,0.000,0.000,0.042,-0.102,0.078,4.23,-1.01
crosswind_gust,correction_off,16.45,2.405,0.000,0.00,0.00,0.000,0.000,0.041,-0.101,0.079,4.25,-1.00
crosswind_gust,correction_off,16.50,2.400,0.000,0.00,0.00,0.000,0.000,0.038,-0.098,0.082,4.26,-0.99
crosswind_gust,correction_off,16.55,2.405,0.000,0.00,0.00,0.000,0.000,0.036,-0.097,0.084,4.26,-0.98
crosswind_gust,correction_off,16.60,2.420,0.000,0.00,0.00,0.000,0.000,0.031,-0.094,0.088,4.25,-0.97
crosswind_gust,correction_off,16.65,2.444,0.000,0.00,0.00,0.000,0.000,0.029,-0.093,0.090,4.22,-0.94
crosswind_gust,correction_off,16.70,2.479,0.000,0.00,0.00,0.000,0.000,0.024,-0.090,0.095,4.19,-0.92
crosswind_gust,correction_off,16.75,2.523,0.000,0.00,0.00,0.000,0.000,0.022,-0.089,0.098,4.14,-0.89
crosswind_gust,correction_off,16.80,2.576,0.000,0.00,0.00,0.000,0.000,0.015,-0.086,0.105,4.08,-0.87
crosswind_gust,correction_off,16.85,2.639,0.000,0.00,0.00,0.000,0.000,0.012,-0.085,0.108,4.00,-0.84
crosswind_gust,correction_off,16.90,2.711,0.000,0.00,0.00,0.000,0.000,0.006,-0.083,0.114,3.93,-0.81
crosswind_gust,correction_off,16.95,2.792,0.000,0.00,0.00,0.000,0.000,0.003,-0.082,0.117,3.83,-0.78
crosswind_gust,correction_off,17.00,2.882,0.000,0.00,0.00,0.000,0.000,-0.107,-0.068,0.228,2.18,-0.54
crosswind_gust,correction_off,17.05,2.981,0.000,0.00,0.00,0.000,0.000,-0.107,-0.068,0.228,2.18,-0.54
crosswind_gust,correction_off,17.10,3.088,0.000,0.00,0.00,0.000,0.000,-0.111,-0.068,0.232,2.14,-0.54
crosswind_gust,correction_off,17.15,3.202,0.000,0.00,0.00,0.000,0.000,-0.112,-0.067,0.233,2.11,-0.54
crosswind_gust,correction_off,17.20,3.325,0.000,0.00,0.00,0.000,0.000,-0.115,-0.067,0.236,2.08,-0.53
crosswind_gust,correction_off,17.25,3.454,0.000,0.00,0.00,0.000,0.000,-0.116,-0.067,0.237,2.06,-0.53
crosswind_gust,correction_off,17.30,3.591,0.000,0.00,0.00,0.000,0.000,-0.116,-0.066,0.238,2.05,-0.53
crosswind_gust,correction_off,17.35,3.734,0.000,0.00,0.00,0.000,0.000,-0.117,-0.065,0.238,2.05,-0.52
crosswind_gust,correction_off,17.40,3.884,0.000,0.00,0.00,0.000,0.000,-0.116,-0.064,0.238,2.06,-0.52
crosswind_gust,correction_off,17.45,4.039,0.000,0.00,0.00,0.000,0.000,-0.116,-0.063,0.237,2.07,-0.51
crosswind_gust,correction_off,17.50,4.200,0.000,0.00,0.00,0.000,0.000,-0.114,-0.061,0.236,2.10,-0.50
crosswind_gust,correction_off,17.55,4.366,0.000,0.00,0.00,0.000,0.000,-0.114,-0.060,0.236,2.12,-0.49
crosswind_gust,correction_off,17.60,4.536,0.000,0.00,0.00,0.000,0.000,-0.112,-0.058,0.234,2.15,-0.48
crosswind_gust,correction_off,17.65,4.710,0.000,0.00,0.00,0.000,0.000,-0.111,-0.057,0.233,2.19,-0.47
crosswind_gust,correction_off,17.70,4.888,0.000,0.00,0.00,0.000,0.000,-0.109,-0.055,0.232,2.22,-0.46
crosswind_gust,correction_off,17.75,5.068,0.000,0.00,0.00,0.000,0.000,-0.107,-0.054,0.231,2.25,-0.44
crosswind_gust,correction_off,17.80,5.252,0.000,0.00,0.00,0.000,0.000,-0.104,-0.052,0.228,2.28,-0.43
crosswind_gust,correction_off,17.85,5.437,0.000,0.00,0.00,0.000,0.000,-0.103,-0.051,0.227,2.31,-0.42
crosswind_gust,correction_off,17.90,5.624,0.000,0.00,0.00,0.000,0.000,-0.100,-0.050,0.224,2.34,-0.41
crosswind_gust,correction_off,17.95,5.812,0.000,0.00,0.00,0.000,0.000,-0.098,-0.048,0.222,2.37,-0.39
crosswind_gust,correction_on,0.00,6.000,0.000,0.00,0.00,0.000,0.000,0.042,-0.097,0.022,0.51,0.03
crosswind_gust,correction_on,0.05,6.188,0.000,0.00,0.00,0.000,0.000,0.042,-0.097,0.022,0.51,0.03
crosswind_gust,correction_on,0.10,6.376,0.000,0.00,0.00,0.000,0.000,0.039,-0.098,0.024,0.46,0.01
crosswind_gust,correction_on,0.15,6.563,0.000,0.00,0.00,0.000,0.000,0.038,-0.099,0.025,0.41,-0.03
crosswind_gust,correction_on,0.20,6.748,0.000,0.00,0.00,0.000,0.000,0.037,-0.100,0.027,0.37,-0.06
crosswind_gust,correction_on,0.25,6.932,0.000,0.00,0.00,0.000,0.000,0.036,-0.101,0.027,0.34,-0.09
crosswind_gust,correction_on,0.30,7.112,0.000,0.00,0.00,0.000,0.000,0.036,-0.101,0.027,0.31,-0.11
crosswind_gust,correction_on,0.35,7.290,0.000,0.00,0.00,0.000,0.000,0.036,-0.101,0.027,0.30,-0.12
crosswind_gust,correction_on,0.40,7.464,0.000,0.00,0.00,0.000,0.000,0.037,-0.101,0.026,0.29,-0.11
crosswind_gust,correction_on,0.45,7.634,0.000,0.00,0.00,0.000,0.000,0.038,-0.100,0.026,0.31,-0.08
crosswind_gust,correction_on,0.50,7.800,0.000,0.00,0.00,0.000,0.000,0.039,-0.098,0.024,0.33,-0.04
crosswind_gust,correction_on,0.55,7.961,0.000,0.00,0.00,0.000,0.000,0.040,-0.096,0.023,0.37,0.02
crosswind_gust,correction_on,0.60,8.116,0.000,0.00,0.00,0.000,0.000,0.044,-0.091,0.022,0.42,0.09
crosswind_gust,correction_on,0.65,8.266,0.000,0.00,0.00,0.000,0.000,0.046,-0.089,0.021,0.49,0.18
crosswind_gust,correction_on,0.70,8.409,0.000,0.00,0.00,0.000,0.000,0.050,-0.083,0.022,0.57,0.27
crosswind_gust,correction_on,0.75,8.546,0.000,0.00,0.00,0.000,0.000,0.053,-0.080,0.024,0.68,0.38
crosswind_gust,correction_on,0.80,8.675,0.000,0.00,0.00,0.000,0.000,0.059,-0.072,0.029,0.79,0.49
crosswind_gust,correction_on,0.85,8.798,0.000,0.00,0.00,0.000,0.000,0.063,-0.069,0.032,0.93,0.61
crosswind_gust,correction_on,0.90,8.912,0.000,0.00,0.00,0.000,0.000,0.070,-0.061,0.040,1.07,0.72
crosswind_gust,correction_on,0.95,9.019,0.000,4.55,2.81,-0.682,-0.422,0.073,-0.057,0.045,1.23,0.83
crosswind_gust,correction_on,1.00,9.118,0.000,4.25,2.49,-0.637,-0.373,0.121,-0.093,0.059,4.78,0.89
crosswind_gust,correction_on,1.05,9.208,0.000,3.85,2.10,-0.577,-0.315,0.121,-0.093,0.059,4.78,0.89
crosswind_gust,correction_on,1.10,9.289,0.000,3.45,1.67,-0.518,-0.251,0.116,-0.108,0.054,4.68,0.69
crosswind_gust,correction_on,1.15,9.361,0.000,3.07,1.24,-0.460,-0.186,0.114,-0.117,0.053,4.54,0.44
crosswind_gust,correction_on,1.20,9.424,0.000,2.72,0.81,-0.409,-0.121,0.108,-0.135,0.056,4.35,0.15
crosswind_gust,correction_on,1.25,9.477,0.000,2.43,0.37,-0.365,-0.055,0.106,-0.144,0.060,4.07,-0.23
crosswind_gust,correction_on,1.30,9.521,0.000,2.24,-0.01,-0.336,0.001,0.102,-0.160,0.070,3.75,-0.64
crosswind_gust,correction_on,1.35,9.556,0.000,2.15,-0.35,-0.322,0.052,0.100,-0.168,0.076,3.44,-1.03
crosswind_gust,correction_on,1.40,9.580,0.000,2.17,-0.66,-0.325,0.099,0.097,-0.185,0.091,3.15,-1.43
crosswind_gust,correction_on,1.45,9.595,0.000,2.32,-0.90,-0.348,0.135,0.097,-0.192,0.097,2.87,-1.84
crosswind_gust,correction_on,1.50,9.600,0.000,2.51,-1.13,-0.377,0.169,0.098,-0.205,0.110,2.68,-2.21
crosswind_gust,correction_on,1.55,9.595,0.000,2.73,-1.32,-0.410,0.199,0.099,-0.211,0.115,2.57,-2.57
crosswind_gust,correction_on,1.60,9.580,0.000,2.98,-1.48,-0.446,0.222,0.104,-0.221,0.127,2.57,-2.85
crosswind_gust,correction_on,1.65,9.556,0.000,3.23,-1.60,-0.485,0.241,0.107,-0.225,0.131,2.67,-3.11
crosswind_gust,correction_on,1.70,9.521,0.000,3.47,-1.68,-0.520,0.252,0.115,-0.230,0.139,2.86,-3.30
crosswind_gust,correction_on,1.75,9.477,0.000,3.67,-1.72,-0.550,0.258,0.120,-0.231,0.142,3.16,-3.44
crosswind_gust,correction_on,1.80,9.424,0.000,3.82,-1.74,-0.573,0.261,0.133,-0.231,0.148,3.50,-3.52
crosswind_gust,correction_on,1.85,9.361,0.000,3.91,-1.76,-0.586,0.265,0.140,-0.230,0.150,3.92,-3.55
crosswind_gust,correction_on,1.90,9.289,0.000,3.94,-1.81,-0.592,0.271,0.154,-0.226,0.154,4.33,-3.52
crosswind_gust,correction_on,1.95,9.208,0.000,4.01,-1.87,-0.602,0.280,0.161,-0.223,0.156,4.79,-3.44
crosswind_gust,correction_on,2.00,9.118,0.000,4.00,-1.79,-0.600,0.268,0.268,-0.019,0.220,7.20,-0.21
crosswind_gust,correction_on,2.05,9.019,0.000,3.93,-1.65,-0.589,0.248,0.268,-0.019,0.220,7.20,-0.21
crosswind_gust,correction_on,2.10,8.912,0.000,3.86,-1.47,-0.579,0.221,0.265,-0.014,0.220,7.15,-0.21
crosswind_gust,correction_on,2.15,8.798,0.000,3.80,-1.28,-0.571,0.191,0.264,-0.013,0.219,7.10,-0.21
crosswind_gust,correction_on,2.20,8.675,0.000,3.77,-1.12,-0.565,0.168,0.260,-0.010,0.217,7.04,-0.21
crosswind_gust,correction_on,2.25,8.546,0.000,3.75,-1.01,-0.563,0.152,0.259,-0.009,0.216,6.97,-0.20
crosswind_gust,correction_on,2.30,8.409,0.000,3.77,-0.95,-0.566,0.143,0.256,-0.008,0.214,6.92,-0.19
crosswind_gust,correction_on,2.35,8.266,0.000,3.86,-0.94,-0.579,0.142,0.255,-0.008,0.213,6.86,-0.16
crosswind_gust,correction_on,2.40,8.116,0.000,3.97,-0.98,-0.596,0.148,0.251,-0.008,0.210,6.81,-0.13
crosswind_gust,correction_on,2.45,7.961,0.000,4.12,-1.06,-0.618,0.158,0.250,-0.008,0.209,6.75,-0.10
crosswind_gust,correction_on,2.50,7.800,0.000,4.28,-1.14,-0.642,0.171,0.247,-0.010,0.205,6.72,-0.10
crosswind_gust,correction_on,2.55,7.634,0.000,4.45,-1.24,-0.668,0.187,0.246,-0.011,0.204,6.70,-0.12
crosswind_gust,correction_on,2.60,7.464,0.000,4.64,-1.35,-0.696,0.203,0.242,-0.015,0.199,6.71,-0.17
crosswind_gust,correction_on,2.65,7.290,0.000,4.81,-1.46,-0.722,0.220,0.241,-0.017,0.197,6.74,-0.26
crosswind_gust,correction_on,2.70,7.112,0.000,4.97,-1.58,-0.745,0.237,0.238,-0.021,0.192,6.80,-0.37
crosswind_gust,correction_on,2.75,6.932,0.000,5.09,-1.69,-0.763,0.253,0.236,-0.024,0.190,6.87,-0.51
crosswind_gust,correction_on,2.80,6.748,0.000,5.18,-1.79,-0.776,0.269,0.233,-0.030,0.184,6.95,-0.67
crosswind_gust,correction_on,2.85,6.563,0.000,5.22,-1.92,-0.783,0.288,0.231,-0.033,0.181,7.06,-0.87
crosswind_gust,correction_on,2.90,6.376,0.000,5.20,-2.05,-0.780,0.307,0.228,-0.039,0.176,7.13,-1.02
crosswind_gust,correction_on,2.95,6.188,0.000,5.11,-2.17,-0.766,0.326,0.226,-0.042,0.173,7.22,-1.20
crosswind_gust,correction_on,3.00,6.000,0.000,5.01,-2.16,-0.752,0.325,0.143,-0.063,0.088,6.55,-1.52
crosswind_gust,correction_on,3.05,5.812,0.000,4.91,-2.09,-0.737,0.313,0.143,-0.063,0.088,6.55,-1.52
crosswind_gust,correction_on,3.10,5.624,0.000,4.82,-2.00,-0.723,0.299,0.137,-0.060,0.085,6.54,-1.47
crosswind_gust,correction_on,3.15,5.437,0.000,4.74,-1.90,-0.711,0.285,0.135,-0.058,0.083,6.53,-1.42
crosswind_gust,correction_on,3.20,5.252,0.000,4.67,-1.82,-0.701,0.273,0.128,-0.055,0.080,6.51,-1.36
crosswind_gust,correction_on,3.25,5.068,0.000,4.62,-1.75,-0.692,0.262,0.125,-0.053,0.079,6.48,-1.29
crosswind_gust,correction_on,3.30,4.888,0.000,4.57,-1.69,-0.685,0.253,0.119,-0.050,0.076,6.45,-1.22
crosswind_gust,correction_on,3.35,4.710,0.000,4.52,-1.64,-0.679,0.246,0.116,-0.049,0.075,6.41,-1.13
crosswind_gust,correction_on,3.40,4.536,0.000,4.50,-1.62,-0.675,0.242,0.109,-0.045,0.072,6.35,-1.05
crosswind_gust,correction_on,3.45,4.366,0.000,4.50,-1.60,-0.674,0.240,0.106,-0.044,0.072,6.29,-0.96
crosswind_gust,correction_on,3.50,4.200,0.000,4.49,-1.59,-0.674,0.238,0.099,-0.041,0.070,6.22,-0.87
crosswind_gust,correction_on,3.55,4.039,0.000,4.48,-1.60,-0.672,0.240,0.096,-0.039,0.070,6.14,-0.79
crosswind_gust,correction_on,3.60,3.884,0.000,4.43,-1.64,-0.665,0.245,0.089,-0.036,0.070,6.07,-0.73
crosswind_gust,correction_on,3.65,3.734,0.000,4.36,-1.69,-0.654,0.253,0.086,-0.035,0.070,5.99,-0.67
crosswind_gust,correction_on,3.70,3.591,0.000,4.26,-1.75,-0.639,0.263,0.080,-0.034,0.070,5.92,-0.63
crosswind_gust,correction_on,3.75,3.454,0.000,4.16,-1.84,-0.624,0.275,0.077,-0.033,0.070,5.85,-0.61
crosswind_gust,correction_on,3.80,3.325,0.000,4.07,-1.91,-0.611,0.286,0.070,-0.032,0.070,5.78,-0.60
crosswind_gust,correction_on,3.85,3.202,0.000,3.99,-1.96,-0.599,0.294,0.067,-0.031,0.070,5.70,-0.61
crosswind_gust,correction_on,3.90,3.088,0.000,3.93,-1.95,-0.590,0.293,0.060,-0.031,0.070,5.61,-0.64
crosswind_gust,correction_on,3.95,2.981,0.000,3.86,-1.89,-0.579,0.284,0.057,-0.031,0.071,5.50,-0.67
crosswind_gust,correction_on,4.00,2.882,0.000,3.79,-1.89,-0.569,0.283,0.007,-0.027,0.093,4.80,-0.83
crosswind_gust,correction_on,4.05,2.792,0.000,3.74,-1.92,-0.562,0.289,0.007,-0.027,0.093,4.80,-0.83
crosswind_gust,correction_on,4.10,2.711,0.000,3.69,-1.97,-0.553,0.295,0.005,-0.026,0.095,4.81,-0.81
crosswind_gust,correction_on,4.15,2.639,0.000,3.63,-2.01,-0.544,0.301,0.005,-0.025,0.096,4.81,-0.78
crosswind_gust,correction_on,4.20,2.576,0.000,3.55,-2.04,-0.532,0.306,0.003,-0.024,0.098,4.82,-0.77
crosswind_gust,correction_on,4.25,2.523,0.000,3.46,-2.05,-0.519,0.307,0.002,-0.023,0.099,4.81,-0.75
crosswind_gust,correction_on,4.30,2.479,0.000,3.37,-2.05,-0.505,0.307,-0.000,-0.023,0.101,4.80,-0.74
crosswind_gust,correction_on,4.35,2.444,0.000,3.27,-2.03,-0.490,0.304,-0.002,-0.023,0.102,4.75,-0.74
crosswind_gust,correction_on,4.40,2.420,0.000,3.17,-2.01,-0.476,0.302,-0.005,-0.023,0.104,4.70,-0.74
crosswind_gust,correction_on,4.45,2.405,0.000,3.07,-1.99,-0.461,0.299,-0.007,-0.023,0.105,4.61,-0.74
crosswind_gust,correction_on,4.50,2.400,0.000,2.98,-1.97,-0.446,0.296,-0.012,-0.023,0.108,4.53,-0.73
crosswind_gust,correction_on,4.55,2.405,0.000,2.89,-1.95,-0.434,0.293,-0.014,-0.023,0.110,4.39,-0.72
crosswind_gust,correction_on,4.60,2.420,0.000,2.82,-1.93,-0.422,0.289,-0.019,-0.023,0.114,4.28,-0.70
crosswind_gust,correction_on,4.65,2.444,0.000,2.75,-1.90,-0.412,0.285,-0.022,-0.023,0.116,4.11,-0.67
crosswind_gust,correction_on,4.70,2.479,0.000,2.69,-1.87,-0.404,0.281,-0.027,-0.022,0.120,3.99,-0.65
crosswind_gust,correction_on,4.75,2.523,0.000,2.65,-1.84,-0.397,0.275,-0.030,-0.022,0.122,3.81,-0.61
crosswind_gust,correction_on,4.80,2.576,0.000,2.61,-1.80,-0.392,0.271,-0.036,-0.022,0.127,3.69,-0.58
crosswind_gust,correction_on,4.85,2.639,0.000,2.59,-1.77,-0.388,0.266,-0.038,-0.022,0.129,3.52,-0.53
crosswind_gust,correction_on,4.90,2.711,0.000,2.58,-1.74,-0.386,0.261,-0.044,-0.022,0.133,3.42,-0.50
crosswind_gust,correction_on,4.95,2.792,0.000,2.56,-1.70,-0.384,0.255,-0.046,-0.022,0.135,3.27,-0.45
crosswind_gust,correction_on,5.00,2.882,0.000,2.59,-1.71,-0.389,0.257,-0.044,-0.047,0.120,2.90,-0.55
crosswind_gust,correction_on,5.05,2.981,0.000,2.65,-1.77,-0.397,0.265,-0.044,-0.047,0.120,2.90,-0.55
crosswind_gust,correction_on,5.10,3.088,0.000,2.71,-1.82,-0.406,0.274,-0.042,-0.048,0.118,2.91,-0.55
crosswind_gust,correction_on,5.15,3.202,0.000,2.76,-1.88,-0.413,0.282,-0.041,-0.049,0.117,2.93,-0.55
crosswind_gust,correction_on,5.20,3.325,0.000,2.79,-1.91,-0.418,0.287,-0.040,-0.051,0.115,2.93,-0.56
crosswind_gust,correction_on,5.25,3.454,0.000,2.81,-1.93,-0.421,0.289,-0.040,-0.052,0.114,2.95,-0.57
crosswind_gust,correction_on,5.30,3.591,0.000,2.82,-1.93,-0.422,0.289,-0.040,-0.054,0.113,2.95,-0.59
crosswind_gust,correction_on,5.35,3.734,0.000,2.81,-1.92,-0.422,0.287,-0.040,-0.054,0.113,2.96,-0.63
crosswind_gust,correction_on,5.40,3.884,0.000,2.80,-1.90,-0.420,0.285,-0.041,-0.056,0.113,2.96,-0.65
crosswind_gust,correction_on,5.45,4.039,0.000,2.78,-1.89,-0.417,0.284,-0.042,-0.057,0.114,2.95,-0.68
crosswind_gust,correction_on,5.50,4.200,0.000,2.76,-1.89,-0.414,0.283,-0.043,-0.059,0.114,2.94,-0.70
crosswind_gust,correction_on,5.55,4.366,0.000,2.73,-1.89,-0.410,0.283,-0.044,-0.060,0.115,2.90,-0.71
crosswind_gust,correction_on,5.60,4.536,0.000,2.72,-1.88,-0.407,0.283,-0.046,-0.061,0.116,2.87,-0.71
crosswind_gust,correction_on,5.65,4.710,0.000,2.70,-1.88,-0.405,0.282,-0.047,-0.062,0.117,2.81,-0.71
crosswind_gust,correction_on,5.70,4.888,0.000,2.69,-1.87,-0.403,0.281,-0.049,-0.063,0.119,2.77,-0.70
crosswind_gust,correction_on,5.75,5.068,0.000,2.67,-1.86,-0.401,0.279,-0.050,-0.063,0.120,2.70,-0.68
crosswind_gust,correction_on,5.80,5.252,0.000,2.65,-1.84,-0.398,0.275,-0.053,-0.064,0.122,2.65,-0.67
crosswind_gust,correction_on,5.85,5.437,0.000,2.63,-1.80,-0.395,0.270,-0.054,-0.064,0.123,2.57,-0.65
crosswind_gust,correction_on,5.90,5.624,0.000,2.61,-1.75,-0.391,0.263,-0.056,-0.065,0.124,2.52,-0.63
crosswind_gust,correction_on,5.95,5.812,0.000,2.57,-1.69,-0.385,0.253,-0.057,-0.065,0.125,2.46,-0.61
crosswind_gust,correction_on,6.00,6.000,0.000,2.60,-1.62,-0.390,0.242,-0.046,-0.077,0.112,2.43,-0.51
crosswind_gust,correction_on,6.05,6.188,0.000,2.67,-1.55,-0.400,0.232,-0.046,-0.077,0.112,2.43,-0.51
crosswind_gust,correction_on,6.10,6.376,0.000,2.74,-1.48,-0.411,0.222,-0.044,-0.074,0.110,2.46,-0.49
crosswind_gust,correction_on,6.15,6.563,0.000,2.81,-1.41,-0.422,0.212,-0.043,-0.072,0.110,2.47,-0.47
crosswind_gust,correction_on,6.20,6.748,0.000,2.88,-1.35,-0.432,0.202,-0.040,-0.068,0.108,2.48,-0.43
crosswind_gust,correction_on,6.25,6.932,0.000,2.95,-1.28,-0.442,0.192,-0.039,-0.066,0.108,2.50,-0.37
crosswind_gust,correction_on,6.30,7.112,0.000,3.02,-1.22,-0.453,0.183,-0.036,-0.063,0.107,2.53,-0.30
crosswind_gust,correction_on,6.35,7.290,0.000,3.09,-1.17,-0.463,0.175,-0.035,-0.061,0.106,2.58,-0.22
crosswind_gust,correction_on,6.40,7.464,0.000,3.16,-1.12,-0.474,0.168,-0.032,-0.058,0.105,2.62,-0.17
crosswind_gust,correction_on,6.45,7.634,0.000,3.23,-1.08,-0.484,0.162,-0.031,-0.056,0.104,2.70,-0.09
crosswind_gust,correction_on,6.50,7.800,0.000,3.30,-1.05,-0.495,0.158,-0.028,-0.054,0.102,2.76,-0.04
crosswind_gust,correction_on,6.55,7.961,0.000,3.37,-1.04,-0.506,0.156,-0.026,-0.053,0.101,2.86,0.02
crosswind_gust,correction_on,6.60,8.116,0.000,3.45,-1.04,-0.517,0.155,-0.022,-0.052,0.099,2.94,0.06
crosswind_gust,correction_on,6.65,8.266,0.000,3.53,-1.05,-0.529,0.157,-0.021,-0.051,0.098,3.06,0.09
crosswind_gust,correction_on,6.70,8.409,0.000,3.61,-1.07,-0.541,0.161,-0.017,-0.051,0.095,3.16,0.10
crosswind_gust,correction_on,6.75,8.546,0.000,3.69,-1.12,-0.553,0.167,-0.016,-0.051,0.093,3.26,0.10
crosswind_gust,correction_on,6.80,8.675,0.000,3.77,-1.17,-0.565,0.176,-0.011,-0.052,0.089,3.34,0.08
crosswind_gust,correction_on,6.85,8.798,0.000,3.84,-1.24,-0.577,0.186,-0.009,-0.052,0.087,3.47,0.04
crosswind_gust,correction_on,6.90,8.912,0.000,3.92,-1.32,-0.588,0.198,-0.004,-0.054,0.082,3.58,-0.01
crosswind_gust,correction_on,6.95,9.019,0.000,4.00,-1.41,-0.599,0.211,-0.002,-0.054,0.081,3.68,-0.07
crosswind_gust,correction_on,7.00,9.118,0.000,4.02,-1.47,-0.603,0.221,0.078,-0.103,0.015,4.67,-1.02
crosswind_gust,correction_on,7.05,9.208,0.000,4.02,-1.52,-0.603,0.228,0.078,-0.103,0.015,4.67,-1.02
crosswind_gust,correction_on,7.10,9.289,0.000,4.01,-1.57,-0.602,0.235,0.081,-0.107,0.018,4.68,-1.03
crosswind_gust,correction_on,7.15,9.361,0.000,4.01,-1.61,-0.601,0.242,0.082,-0.108,0.020,4.68,-1.05
crosswind_gust,correction_on,7.20,9.424,0.000,4.01,-1.66,-0.601,0.249,0.085,-0.111,0.024,4.69,-1.06
crosswind_gust,correction_on,7.25,9.477,0.000,4.02,-1.71,-0.603,0.256,0.086,-0.113,0.025,4.69,-1.10
crosswind_gust,correction_on,7.30,9.521,0.000,4.03,-1.77,-0.604,0.265,0.088,-0.115,0.029,4.69,-1.13
crosswind_gust,correction_on,7.35,9.556,0.000,4.04,-1.83,-0.606,0.275,0.089,-0.117,0.030,4.69,-1.17
crosswind_gust,correction_on,7.40,9.580,0.000,4.06,-1.90,-0.608,0.285,0.092,-0.119,0.034,4.69,-1.21
crosswind_gust,correction_on,7.45,9.595,0.000,4.07,-1.97,-0.610,0.296,0.093,-0.120,0.035,4.69,-1.24
crosswind_gust,correction_on,7.50,9.600,0.000,4.07,-2.04,-0.610,0.306,0.095,-0.121,0.038,4.70,-1.27
crosswind_gust,correction_on,7.55,9.595,0.000,4.05,-2.10,-0.608,0.314,0.096,-0.122,0.039,4.70,-1.31
crosswind_gust,correction_on,7.60,9.580,0.000,4.02,-2.14,-0.604,0.320,0.097,-0.122,0.040,4.71,-1.34
crosswind_gust,correction_on,7.65,9.556,0.000,3.99,-2.16,-0.598,0.325,0.098,-0.123,0.041,4.72,-1.37
crosswind_gust,correction_on,7.70,9.521,0.000,3.94,-2.18,-0.591,0.328,0.098,-0.123,0.041,4.73,-1.40
crosswind_gust,correction_on,7.75,9.477,0.000,3.89,-2.20,-0.584,0.330,0.098,-0.123,0.041,4.72,-1.42
crosswind_gust,correction_on,7.80,9.424,0.000,3.84,-2.20,-0.576,0.330,0.098,-0.123,0.041,4.72,-1.43
crosswind_gust,correction_on,7.85,9.361,0.000,3.79,-2.20,-0.568,0.330,0.098,-0.123,0.041,4.69,-1.43
crosswind_gust,correction_on,7.90,9.289,0.000,3.73,-2.18,-0.560,0.326,0.098,-0.122,0.041,4.67,-1.43
crosswind_gust,correction_on,7.95,9.208,0.000,3.65,-2.15,-0.548,0.323,0.098,-0.122,0.041,4.63,-1.41
crosswind_gust,correction_on,8.00,9.118,0.000,3.59,-2.10,-0.538,0.315,0.109,-0.069,0.056,4.74,-0.58
crosswind_gust,correction_on,8.05,9.019,0.000,3.54,-2.02,-0.530,0.303,0.109,-0.069,0.056,4.74,-0.58
crosswind_gust,correction_on,8.10,8.912,0.000,3.49,-1.94,-0.524,0.291,0.109,-0.066,0.058,4.76,-0.56
crosswind_gust,correction_on,8.15,8.798,0.000,3.46,-1.86,-0.518,0.279,0.109,-0.065,0.059,4.76,-0.54
crosswind_gust,correction_on,8.20,8.675,0.000,3.43,-1.79,-0.514,0.269,0.110,-0.062,0.061,4.75,-0.51
crosswind_gust,correction_on,8.25,8.546,0.000,3.41,-1.73,-0.511,0.260,0.110,-0.061,0.062,4.72,-0.48
crosswind_gust,correction_on,8.30,8.409,0.000,3.40,-1.69,-0.510,0.253,0.111,-0.059,0.064,4.68,-0.44
crosswind_gust,correction_on,8.35,8.266,0.000,3.41,-1.66,-0.511,0.249,0.111,-0.058,0.065,4.65,-0.39
crosswind_gust,correction_on,8.40,8.116,0.000,3.41,-1.64,-0.512,0.246,0.113,-0.056,0.067,4.63,-0.35
crosswind_gust,correction_on,8.45,7.961,0.000,3.43,-1.64,-0.514,0.246,0.114,-0.055,0.069,4.62,-0.32
crosswind_gust,correction_on,8.50,7.800,0.000,3.44,-1.64,-0.516,0.247,0.117,-0.054,0.072,4.63,-0.28
crosswind_gust,correction_on,8.55,7.634,0.000,3.46,-1.66,-0.519,0.249,0.119,-0.054,0.073,4.66,-0.27
crosswind_gust,correction_on,8.60,7.464,0.000,3.49,-1.69,-0.524,0.254,0.123,-0.053,0.077,4.71,-0.27
crosswind_gust,correction_on,8.65,7.290,0.000,3.54,-1.73,-0.531,0.260,0.125,-0.053,0.078,4.78,-0.28
crosswind_gust,correction_on,8.70,7.112,0.000,3.60,-1.79,-0.540,0.268,0.130,-0.054,0.082,4.87,-0.31
crosswind_gust,correction_on,8.75,6.932,0.000,3.67,-1.85,-0.550,0.278,0.132,-0.054,0.083,4.96,-0.35
crosswind_gust,correction_on,8.80,6.748,0.000,3.73,-1.92,-0.560,0.289,0.138,-0.055,0.088,5.08,-0.40
crosswind_gust,correction_on,8.85,6.563,0.000,3.79,-2.00,-0.569,0.301,0.141,-0.056,0.090,5.19,-0.47
crosswind_gust,correction_on,8.90,6.376,0.000,3.84,-2.08,-0.577,0.313,0.147,-0.058,0.094,5.33,-0.55
crosswind_gust,correction_on,8.95,6.188,0.000,3.89,-2.16,-0.583,0.324,0.150,-0.059,0.097,5.46,-0.63
crosswind_gust,correction_on,9.00,6.000,0.000,3.90,-2.14,-0.585,0.322,0.237,-0.091,0.174,6.92,-1.37
crosswind_gust,correction_on,9.05,5.812,0.000,3.91,-2.08,-0.586,0.312,0.237,-0.091,0.174,6.92,-1.37
crosswind_gust,correction_on,9.10,5.624,0.000,3.92,-2.01,-0.588,0.302,0.238,-0.091,0.176,6.94,-1.35
crosswind_gust,correction_on,9.15,5.437,0.000,3.94,-1.95,-0.591,0.292,0.239,-0.091,0.176,6.95,-1.33
crosswind_gust,correction_on,9.20,5.252,0.000,3.98,-1.91,-0.597,0.286,0.240,-0.091,0.177,6.97,-1.31
crosswind_gust,correction_on,9.25,5.068,0.000,4.03,-1.89,-0.605,0.284,0.240,-0.091,0.177,7.00,-1.28
crosswind_gust,correction_on,9.30,4.888,0.000,4.10,-1.89,-0.614,0.284,0.240,-0.092,0.177,7.02,-1.24
crosswind_gust,correction_on,9.35,4.710,0.000,4.17,-1.91,-0.625,0.287,0.239,-0.092,0.176,7.04,-1.20
crosswind_gust,correction_on,9.40,4.536,0.000,4.24,-1.94,-0.637,0.291,0.238,-0.093,0.175,7.05,-1.16
crosswind_gust,correction_on,9.45,4.366,0.000,4.31,-1.98,-0.647,0.297,0.237,-0.093,0.174,7.06,-1.13
crosswind_gust,correction_on,9.50,4.200,0.000,4.37,-2.02,-0.655,0.304,0.235,-0.094,0.172,7.06,-1.11
crosswind_gust,correction_on,9.55,4.039,0.000,4.41,-2.07,-0.661,0.311,0.233,-0.095,0.170,7.05,-1.10
crosswind_gust,correction_on,9.60,3.884,0.000,4.44,-2.13,-0.665,0.319,0.229,-0.095,0.166,7.04,-1.10
crosswind_gust,correction_on,9.65,3.734,0.000,4.45,-2.18,-0.667,0.327,0.227,-0.096,0.164,7.02,-1.12
crosswind_gust,correction_on,9.70,3.591,0.000,4.44,-2.24,-0.665,0.335,0.222,-0.096,0.159,6.98,-1.14
crosswind_gust,correction_on,9.75,3.454,0.000,4.40,-2.29,-0.661,0.344,0.219,-0.097,0.156,6.93,-1.16
crosswind_gust,correction_on,9.80,3.325,0.000,4.35,-2.34,-0.653,0.350,0.212,-0.098,0.148,6.85,-1.19
crosswind_gust,correction_on,9.85,3.202,0.000,4.29,-2.37,-0.644,0.355,0.208,-0.098,0.145,6.77,-1.22
crosswind_gust,correction_on,9.90,3.088,0.000,4.22,-2.37,-0.633,0.355,0.201,-0.099,0.137,6.66,-1.25
crosswind_gust,correction_on,9.95,2.981,0.000,4.13,-2.35,-0.620,0.352,0.197,-0.099,0.134,6.53,-1.28
crosswind_gust,correction_on,10.00,2.882,0.000,4.07,-2.30,-0.611,0.345,0.041,-0.078,0.032,4.41,-0.73
crosswind_gust,correction_on,10.05,2.792,0.000,4.04,-2.21,-0.606,0.332,0.041,-0.078,0.032,4.41,-0.73
crosswind_gust,correction_on,10.10,2.711,0.000,4.03,-2.12,-0.604,0.318,0.034,-0.076,0.039,4.38,-0.72
crosswind_gust,correction_on,10.15,2.639,0.000,4.02,-2.03,-0.603,0.304,0.030,-0.075,0.042,4.36,-0.71
crosswind_gust,correction_on,10.20,2.576,0.000,4.01,-1.94,-0.602,0.292,0.023,-0.073,0.049,4.35,-0.69
crosswind_gust,correction_on,10.25,2.523,0.000,4.01,-1.86,-0.601,0.279,0.020,-0.073,0.052,4.34,-0.65
crosswind_gust,correction_on,10.30,2.479,0.000,4.01,-1.77,-0.601,0.266,0.014,-0.071,0.057,4.34,-0.59
crosswind_gust,correction_on,10.35,2.444,0.000,4.00,-1.68,-0.601,0.252,0.011,-0.071,0.060,4.33,-0.53
crosswind_gust,correction_on,10.40,2.420,0.000,3.99,-1.58,-0.598,0.237,0.005,-0.070,0.067,4.31,-0.46
crosswind_gust,correction_on,10.45,2.405,0.000,3.96,-1.49,-0.594,0.223,0.002,-0.069,0.069,4.29,-0.39
crosswind_gust,correction_on,10.50,2.400,0.000,3.92,-1.39,-0.588,0.208,-0.004,-0.069,0.075,4.26,-0.32
crosswind_gust,correction_on,10.55,2.405,0.000,3.86,-1.29,-0.579,0.194,-0.007,-0.068,0.078,4.23,-0.25
crosswind_gust,correction_on,10.60,2.420,0.000,3.78,-1.22,-0.567,0.183,-0.014,-0.068,0.084,4.19,-0.19
crosswind_gust,correction_on,10.65,2.444,0.000,3.69,-1.16,-0.553,0.174,-0.017,-0.068,0.087,4.13,-0.13
crosswind_gust,correction_on,10.70,2.479,0.000,3.57,-1.12,-0.536,0.169,-0.023,-0.068,0.092,4.06,-0.07
crosswind_gust,correction_on,10.75,2.523,0.000,3.46,-1.11,-0.520,0.166,-0.026,-0.069,0.095,3.99,-0.02
crosswind_gust,correction_on,10.80,2.576,0.000,3.37,-1.10,-0.505,0.165,-0.033,-0.070,0.101,3.88,0.03
crosswind_gust,correction_on,10.85,2.639,0.000,3.29,-1.11,-0.493,0.166,-0.036,-0.071,0.104,3.77,0.06
crosswind_gust,correction_on,10.90,2.711,0.000,3.24,-1.11,-0.486,0.166,-0.042,-0.072,0.109,3.64,0.08
crosswind_gust,correction_on,10.95,2.792,0.000,3.22,-1.09,-0.482,0.164,-0.045,-0.073,0.111,3.51,0.09
crosswind_gust,correction_on,11.00,2.882,0.000,3.26,-1.14,-0.489,0.171,-0.120,-0.146,0.188,2.31,-0.78
crosswind_gust,correction_on,11.05,2.981,0.000,3.34,-1.21,-0.501,0.182,-0.120,-0.146,0.188,2.31,-0.78
crosswind_gust,correction_on,11.10,3.088,0.000,3.42,-1.28,-0.513,0.193,-0.122,-0.148,0.191,2.30,-0.79
crosswind_gust,correction_on,11.15,3.202,0.000,3.48,-1.36,-0.522,0.204,-0.122,-0.149,0.191,2.29,-0.79
crosswind_gust,correction_on,11.20,3.325,0.000,3.51,-1.42,-0.526,0.213,-0.123,-0.151,0.193,2.28,-0.80
crosswind_gust,correction_on,11.25,3.454,0.000,3.50,-1.47,-0.526,0.221,-0.123,-0.151,0.193,2.29,-0.82
crosswind_gust,correction_on,11.30,3.591,0.000,3.48,-1.51,-0.522,0.226,-0.123,-0.153,0.193,2.32,-0.84
crosswind_gust,correction_on,11.35,3.734,0.000,3.45,-1.52,-0.517,0.228,-0.123,-0.153,0.193,2.36,-0.87
crosswind_gust,correction_on,11.40,3.884,0.000,3.41,-1.52,-0.511,0.229,-0.122,-0.154,0.192,2.39,-0.90
crosswind_gust,correction_on,11.45,4.039,0.000,3.37,-1.52,-0.505,0.228,-0.122,-0.154,0.192,2.43,-0.93
crosswind_gust,correction_on,11.50,4.200,0.000,3.33,-1.51,-0.500,0.227,-0.121,-0.154,0.192,2.45,-0.95
crosswind_gust,correction_on,11.55,4.366,0.000,3.29,-1.50,-0.494,0.225,-0.121,-0.154,0.192,2.46,-0.95
crosswind_gust,correction_on,11.60,4.536,0.000,3.26,-1.48,-0.489,0.223,-0.121,-0.154,0.192,2.46,-0.95
crosswind_gust,correction_on,11.65,4.710,0.000,3.22,-1.46,-0.484,0.219,-0.121,-0.154,0.192,2.45,-0.93
crosswind_gust,correction_on,11.70,4.888,0.000,3.20,-1.43,-0.479,0.215,-0.121,-0.153,0.192,2.42,-0.90
crosswind_gust,correction_on,11.75,5.068,0.000,3.17,-1.41,-0.476,0.211,-0.122,-0.152,0.192,2.39,-0.87
crosswind_gust,correction_on,11.80,5.252,0.000,3.17,-1.38,-0.476,0.207,-0.122,-0.150,0.192,2.35,-0.82
crosswind_gust,correction_on,11.85,5.437,0.000,3.18,-1.34,-0.477,0.200,-0.122,-0.149,0.192,2.31,-0.77
crosswind_gust,correction_on,11.90,5.624,0.000,3.20,-1.26,-0.479,0.189,-0.123,-0.148,0.192,2.27,-0.72
crosswind_gust,correction_on,11.95,5.812,0.000,3.20,-1.17,-0.480,0.176,-0.123,-0.147,0.191,2.24,-0.66
crosswind_gust,correction_on,12.00,6.000,0.000,3.24,-1.11,-0.486,0.166,-0.074,-0.120,0.139,2.59,-0.27
crosswind_gust,correction_on,12.05,6.188,0.000,3.30,-1.06,-0.495,0.160,-0.074,-0.120,0.139,2.59,-0.27
crosswind_gust,correction_on,12.10,6.376,0.000,3.35,-1.03,-0.502,0.154,-0.071,-0.119,0.135,2.60,-0.28
crosswind_gust,correction_on,12.15,6.563,0.000,3.39,-0.99,-0.509,0.149,-0.070,-0.119,0.134,2.61,-0.28
crosswind_gust,correction_on,12.20,6.748,0.000,3.43,-0.97,-0.514,0.145,-0.066,-0.118,0.131,2.63,-0.28
crosswind_gust,correction_on,12.25,6.932,0.000,3.46,-0.94,-0.518,0.141,-0.065,-0.117,0.129,2.65,-0.27
crosswind_gust,correction_on,12.30,7.112,0.000,3.48,-0.92,-0.522,0.139,-0.062,-0.116,0.126,2.67,-0.25
crosswind_gust,correction_on,12.35,7.290,0.000,3.50,-0.91,-0.525,0.137,-0.061,-0.116,0.125,2.70,-0.23
crosswind_gust,correction_on,12.40,7.464,0.000,3.51,-0.91,-0.527,0.137,-0.058,-0.115,0.122,2.73,-0.22
crosswind_gust,correction_on,12.45,7.634,0.000,3.52,-0.92,-0.528,0.138,-0.057,-0.115,0.121,2.76,-0.20
crosswind_gust,correction_on,12.50,7.800,0.000,3.53,-0.93,-0.529,0.140,-0.055,-0.115,0.119,2.78,-0.19
crosswind_gust,correction_on,12.55,7.961,0.000,3.53,-0.95,-0.529,0.142,-0.054,-0.115,0.118,2.79,-0.18
crosswind_gust,correction_on,12.60,8.116,0.000,3.53,-0.97,-0.530,0.145,-0.052,-0.115,0.116,2.81,-0.18
crosswind_gust,correction_on,12.65,8.266,0.000,3.53,-0.99,-0.529,0.148,-0.051,-0.115,0.115,2.81,-0.19
crosswind_gust,correction_on,12.70,8.409,0.000,3.52,-1.00,-0.528,0.150,-0.050,-0.115,0.114,2.80,-0.21
crosswind_gust,correction_on,12.75,8.546,0.000,3.51,-1.01,-0.526,0.152,-0.049,-0.115,0.113,2.79,-0.23
crosswind_gust,correction_on,12.80,8.675,0.000,3.48,-1.02,-0.522,0.153,-0.048,-0.115,0.112,2.77,-0.25
crosswind_gust,correction_on,12.85,8.798,0.000,3.44,-1.03,-0.516,0.154,-0.048,-0.114,0.112,2.75,-0.28
crosswind_gust,correction_on,12.90,8.912,0.000,3.40,-1.03,-0.509,0.155,-0.048,-0.113,0.111,2.72,-0.30
crosswind_gust,correction_on,12.95,9.019,0.000,3.34,-1.04,-0.502,0.156,-0.047,-0.113,0.111,2.69,-0.31
crosswind_gust,correction_on,13.00,9.118,0.000,3.31,-1.06,-0.497,0.158,-0.024,-0.102,0.087,2.52,-0.26
crosswind_gust,correction_on,13.05,9.208,0.000,3.29,-1.08,-0.493,0.162,-0.024,-0.102,0.087,2.52,-0.26
crosswind_gust,correction_on,13.10,9.289,0.000,3.27,-1.11,-0.491,0.166,-0.021,-0.103,0.084,2.54,-0.27
crosswind_gust,correction_on,13.15,9.361,0.000,3.26,-1.13,-0.489,0.170,-0.019,-0.104,0.082,2.55,-0.29
crosswind_gust,correction_on,13.20,9.424,0.000,3.26,-1.16,-0.488,0.174,-0.015,-0.106,0.078,2.53,-0.32
crosswind_gust,correction_on,13.25,9.477,0.000,3.25,-1.19,-0.488,0.179,-0.013,-0.107,0.077,2.50,-0.34
crosswind_gust,correction_on,13.30,9.521,0.000,3.26,-1.22,-0.489,0.183,-0.010,-0.108,0.073,2.48,-0.38
crosswind_gust,correction_on,13.35,9.556,0.000,3.28,-1.26,-0.492,0.188,-0.008,-0.109,0.071,2.46,-0.42
crosswind_gust,correction_on,13.40,9.580,0.000,3.31,-1.29,-0.496,0.194,-0.003,-0.111,0.067,2.45,-0.47
crosswind_gust,correction_on,13.45,9.595,0.000,3.35,-1.33,-0.503,0.200,-0.000,-0.112,0.064,2.47,-0.52
crosswind_gust,correction_on,13.50,9.600,0.000,3.41,-1.38,-0.512,0.206,0.006,-0.113,0.058,2.51,-0.57
crosswind_gust,correction_on,13.55,9.595,0.000,3.48,-1.42,-0.523,0.213,0.010,-0.114,0.055,2.58,-0.62
crosswind_gust,correction_on,13.60,9.580,0.000,3.58,-1.47,-0.537,0.221,0.019,-0.115,0.046,2.69,-0.68
crosswind_gust,correction_on,13.65,9.556,0.000,3.69,-1.53,-0.553,0.229,0.024,-0.115,0.042,2.81,-0.74
crosswind_gust,correction_on,13.70,9.521,0.000,3.82,-1.59,-0.572,0.238,0.034,-0.116,0.032,2.98,-0.79
crosswind_gust,correction_on,13.75,9.477,0.000,3.96,-1.65,-0.594,0.247,0.040,-0.116,0.027,3.16,-0.85
crosswind_gust,correction_on,13.80,9.424,0.000,4.12,-1.71,-0.618,0.257,0.054,-0.115,0.017,3.39,-0.90
crosswind_gust,correction_on,13.85,9.361,0.000,4.30,-1.78,-0.645,0.267,0.061,-0.115,0.014,3.60,-0.95
crosswind_gust,correction_on,13.90,9.289,0.000,4.48,-1.85,-0.672,0.278,0.075,-0.114,0.018,3.88,-1.01
crosswind_gust,correction_on,13.95,9.208,0.000,4.66,-1.93,-0.699,0.289,0.083,-0.113,0.023,4.15,-1.06
crosswind_gust,correction_on,14.00,9.118,0.000,4.69,-1.87,-0.703,0.281,0.266,-0.044,0.210,7.09,-0.67
crosswind_gust,correction_on,14.05,9.019,0.000,4.63,-1.75,-0.695,0.263,0.266,-0.044,0.210,7.09,-0.67
crosswind_gust,correction_on,14.10,8.912,0.000,4.58,-1.63,-0.686,0.245,0.270,-0.043,0.215,7.10,-0.66
crosswind_gust,correction_on,14.15,8.798,0.000,4.53,-1.52,-0.679,0.227,0.272,-0.043,0.217,7.11,-0.66
crosswind_gust,correction_on,14.20,8.675,0.000,4.51,-1.41,-0.677,0.212,0.276,-0.043,0.221,7.11,-0.66
crosswind_gust,correction_on,14.25,8.546,0.000,4.54,-1.34,-0.681,0.201,0.277,-0.043,0.222,7.11,-0.64
crosswind_gust,correction_on,14.30,8.409,0.000,4.59,-1.30,-0.689,0.195,0.281,-0.043,0.225,7.11,-0.61
crosswind_gust,correction_on,14.35,8.266,0.000,4.67,-1.29,-0.701,0.194,0.282,-0.044,0.226,7.10,-0.57
crosswind_gust,correction_on,14.40,8.116,0.000,4.76,-1.32,-0.714,0.197,0.284,-0.045,0.228,7.09,-0.53
crosswind_gust,correction_on,14.45,7.961,0.000,4.85,-1.37,-0.728,0.205,0.285,-0.046,0.229,7.09,-0.50
crosswind_gust,correction_on,14.50,7.800,0.000,4.95,-1.44,-0.742,0.216,0.287,-0.049,0.230,7.10,-0.48
crosswind_gust,correction_on,14.55,7.634,0.000,5.05,-1.54,-0.757,0.231,0.287,-0.050,0.230,7.12,-0.48
crosswind_gust,correction_on,14.60,7.464,0.000,5.13,-1.66,-0.770,0.249,0.288,-0.054,0.230,7.15,-0.51
crosswind_gust,correction_on,14.65,7.290,0.000,5.21,-1.80,-0.781,0.271,0.288,-0.056,0.230,7.19,-0.56
crosswind_gust,correction_on,14.70,7.112,0.000,5.28,-1.95,-0.791,0.293,0.288,-0.062,0.229,7.24,-0.64
crosswind_gust,correction_on,14.75,6.932,0.000,5.34,-2.11,-0.801,0.316,0.288,-0.065,0.228,7.28,-0.74
crosswind_gust,correction_on,14.80,6.748,0.000,5.37,-2.27,-0.806,0.340,0.288,-0.071,0.226,7.33,-0.88
crosswind_gust,correction_on,14.85,6.563,0.000,5.37,-2.43,-0.805,0.364,0.287,-0.074,0.226,7.36,-1.02
crosswind_gust,correction_on,14.90,6.376,0.000,5.31,-2.57,-0.797,0.385,0.285,-0.081,0.223,7.39,-1.20
crosswind_gust,correction_on,14.95,6.188,0.000,5.21,-2.70,-0.781,0.405,0.284,-0.084,0.221,7.41,-1.35
crosswind_gust,correction_on,15.00,6.000,0.000,5.09,-2.63,-0.764,0.395,0.188,-0.064,0.130,6.51,-1.00
crosswind_gust,correction_on,15.05,5.812,0.000,4.96,-2.46,-0.744,0.369,0.188,-0.064,0.130,6.51,-1.00
crosswind_gust,correction_on,15.10,5.624,0.000,4.84,-2.26,-0.726,0.340,0.181,-0.058,0.126,6.50,-0.93
crosswind_gust,correction_on,15.15,5.437,0.000,4.73,-2.07,-0.709,0.310,0.178,-0.055,0.124,6.50,-0.86
crosswind_gust,correction_on,15.20,5.252,0.000,4.64,-1.90,-0.697,0.285,0.173,-0.050,0.121,6.50,-0.78
crosswind_gust,correction_on,15.25,5.068,0.000,4.58,-1.77,-0.687,0.265,0.170,-0.048,0.120,6.49,-0.68
crosswind_gust,correction_on,15.30,4.888,0.000,4.55,-1.66,-0.682,0.249,0.164,-0.043,0.117,6.45,-0.55
crosswind_gust,correction_on,15.35,4.710,0.000,4.56,-1.58,-0.683,0.237,0.162,-0.041,0.116,6.41,-0.42
crosswind_gust,correction_on,15.40,4.536,0.000,4.58,-1.52,-0.688,0.228,0.156,-0.037,0.113,6.35,-0.27
crosswind_gust,correction_on,15.45,4.366,0.000,4.61,-1.48,-0.692,0.222,0.154,-0.036,0.112,6.29,-0.14
crosswind_gust,correction_on,15.50,4.200,0.000,4.63,-1.45,-0.695,0.218,0.148,-0.033,0.108,6.22,-0.02
crosswind_gust,correction_on,15.55,4.039,0.000,4.60,-1.46,-0.690,0.219,0.145,-0.033,0.107,6.17,0.07
crosswind_gust,correction_on,15.60,3.884,0.000,4.53,-1.51,-0.680,0.227,0.138,-0.032,0.102,6.13,0.14
crosswind_gust,correction_on,15.65,3.734,0.000,4.44,-1.60,-0.666,0.240,0.136,-0.032,0.100,6.09,0.18
crosswind_gust,correction_on,15.70,3.591,0.000,4.34,-1.73,-0.651,0.259,0.129,-0.033,0.095,6.06,0.19
crosswind_gust,correction_on,15.75,3.454,0.000,4.22,-1.88,-0.634,0.282,0.126,-0.034,0.092,6.01,0.17
crosswind_gust,correction_on,15.80,3.325,0.000,4.11,-2.03,-0.616,0.304,0.119,-0.036,0.086,5.95,0.12
crosswind_gust,correction_on,15.85,3.202,0.000,4.02,-2.15,-0.602,0.323,0.116,-0.038,0.083,5.87,0.04
crosswind_gust,correction_on,15.90,3.088,0.000,4.00,-2.20,-0.600,0.330,0.109,-0.042,0.075,5.77,-0.07
crosswind_gust,correction_on,15.95,2.981,0.000,3.97,-2.15,-0.596,0.323,0.106,-0.044,0.071,5.65,-0.20
crosswind_gust,correction_on,16.00,2.882,0.000,3.95,-2.08,-0.593,0.312,0.055,-0.094,0.010,4.81,-1.03
crosswind_gust,correction_on,16.05,2.792,0.000,3.96,-1.99,-0.593,0.299,0.055,-0.094,0.010,4.81,-1.03
crosswind_gust,correction_on,16.10,2.711,0.000,3.96,-1.90,-0.594,0.285,0.055,-0.093,0.012,4.82,-0.99
crosswind_gust,correction_on,16.15,2.639,0.000,3.98,-1.82,-0.597,0.272,0.055,-0.092,0.012,4.84,-0.95
crosswind_gust,correction_on,16.20,2.576,0.000,3.98,-1.74,-0.598,0.261,0.055,-0.090,0.014,4.87,-0.90
crosswind_gust,correction_on,16.25,2.523,0.000,3.98,-1.68,-0.597,0.251,0.054,-0.089,0.015,4.89,-0.83
crosswind_gust,correction_on,16.30,2.479,0.000,3.96,-1.61,-0.594,0.241,0.053,-0.088,0.017,4.92,-0.75
crosswind_gust,correction_on,16.35,2.444,0.000,3.95,-1.54,-0.592,0.232,0.051,-0.087,0.019,4.94,-0.67
crosswind_gust,correction_on,16.40,2.420,0.000,3.93,-1.48,-0.589,0.222,0.049,-0.085,0.022,4.95,-0.57
crosswind_gust,correction_on,16.45,2.405,0.000,3.90,-1.42,-0.585,0.212,0.047,-0.084,0.023,4.94,-0.50
crosswind_gust,correction_on,16.50,2.400,0.000,3.85,-1.36,-0.577,0.204,0.044,-0.082,0.027,4.91,-0.41
crosswind_gust,correction_on,16.55,2.405,0.000,3.77,-1.33,-0.565,0.199,0.042,-0.082,0.029,4.86,-0.34
crosswind_gust,correction_on,16.60,2.420,0.000,3.66,-1.31,-0.549,0.197,0.038,-0.080,0.033,4.79,-0.27
crosswind_gust,correction_on,16.65,2.444,0.000,3.53,-1.32,-0.529,0.198,0.035,-0.080,0.035,4.71,-0.20
crosswind_gust,correction_on,16.70,2.479,0.000,3.37,-1.34,-0.506,0.201,0.030,-0.079,0.040,4.61,-0.14
crosswind_gust,correction_on,16.75,2.523,0.000,3.21,-1.38,-0.481,0.206,0.027,-0.079,0.042,4.49,-0.10
crosswind_gust,correction_on,16.80,2.576,0.000,3.04,-1.41,-0.456,0.211,0.021,-0.079,0.048,4.34,-0.06
crosswind_gust,correction_on,16.85,2.639,0.000,2.88,-1.42,-0.432,0.213,0.018,-0.079,0.050,4.18,-0.04
crosswind_gust,correction_on,16.90,2.711,0.000,2.77,-1.40,-0.415,0.210,0.011,-0.080,0.057,3.99,-0.04
crosswind_gust,correction_on,16.95,2.792,0.000,2.73,-1.35,-0.409,0.202,0.007,-0.080,0.060,3.80,-0.04
crosswind_gust,correction_on,17.00,2.882,0.000,2.77,-1.35,-0.416,0.203,-0.064,-0.140,0.133,2.35,-0.69
crosswind_gust,correction_on,17.05,2.981,0.000,2.87,-1.40,-0.430,0.209,-0.064,-0.140,0.133,2.35,-0.69
crosswind_gust,correction_on,17.10,3.088,0.000,2.96,-1.44,-0.444,0.216,-0.065,-0.142,0.134,2.35,-0.70
crosswind_gust,correction_on,17.15,3.202,0.000,3.04,-1.48,-0.456,0.222,-0.065,-0.143,0.134,2.36,-0.70
crosswind_gust,correction_on,17.20,3.325,0.000,3.09,-1.51,-0.464,0.226,-0.065,-0.145,0.135,2.38,-0.70
crosswind_gust,correction_on,17.25,3.454,0.000,3.11,-1.51,-0.466,0.227,-0.065,-0.146,0.135,2.41,-0.71
crosswind_gust,correction_on,17.30,3.591,0.000,3.11,-1.50,-0.467,0.224,-0.064,-0.148,0.136,2.45,-0.73
crosswind_gust,correction_on,17.35,3.734,0.000,3.11,-1.46,-0.466,0.219,-0.064,-0.148,0.135,2.50,-0.75
crosswind_gust,correction_on,17.40,3.884,0.000,3.10,-1.41,-0.466,0.212,-0.063,-0.149,0.135,2.55,-0.76
crosswind_gust,correction_on,17.45,4.039,0.000,3.10,-1.37,-0.465,0.206,-0.062,-0.149,0.134,2.60,-0.77
crosswind_gust,correction_on,17.50,4.200,0.000,3.09,-1.32,-0.463,0.199,-0.060,-0.149,0.132,2.64,-0.76
crosswind_gust,correction_on,17.55,4.366,0.000,3.07,-1.28,-0.461,0.192,-0.059,-0.149,0.131,2.66,-0.75
crosswind_gust,correction_on,17.60,4.536,0.000,3.06,-1.24,-0.460,0.186,-0.057,-0.148,0.129,2.69,-0.72
crosswind_gust,correction_on,17.65,4.710,0.000,3.05,-1.20,-0.458,0.180,-0.056,-0.147,0.128,2.70,-0.68
crosswind_gust,correction_on,17.70,4.888,0.000,3.06,-1.16,-0.459,0.174,-0.054,-0.145,0.125,2.71,-0.63
crosswind_gust,correction_on,17.75,5.068,0.000,3.07,-1.13,-0.461,0.169,-0.053,-0.145,0.124,2.71,-0.58
crosswind_gust,correction_on,17.80,5.252,0.000,3.10,-1.10,-0.465,0.164,-0.051,-0.143,0.122,2.71,-0.51
crosswind_gust,correction_on,17.85,5.437,0.000,3.13,-1.06,-0.470,0.159,-0.050,-0.142,0.121,2.70,-0.45
crosswind_gust,correction_on,17.90,5.624,0.000,3.19,-1.00,-0.478,0.150,-0.049,-0.139,0.118,2.70,-0.39
crosswind_gust,correction_on,17.95,5.812,0.000,3.22,-0.92,-0.484,0.138,-0.048,-0.138,0.118,2.70,-0.33
